53
1    1    1    8    0
2    1    2    1    0
3    1    5    8    0
4    1    18    5    0
1    2    16    32    0
2    2    2    1    0
3    2    3    32    0
4    2    12    3    0
1    3    17    5    0
2    3    6    32    0
3    3    18    1    0
1    7    3    8    0
2    7    13    3    0
3    7    20    5    0
4    7    12    3    0
1    8    12    3    0
2    8    4    5    0
3    8    5    8    0
1    9    11    5    0
2    9    5    1    0
3    9    3    1    0
4    9    17    8    0
1    10    6    1    0
2    10    18    32    0
3    10    17    8    0
4    10    7    1    0
1    12    10    1    0
2    12    15    8    0
3    12    14    5    0
4    12    20    1    0
1    13    1    8    0
2    13    4    8    0
3    13    2    5    0
1    14    8    5    0
2    14    17    8    0
3    14    12    5    0
4    14    7    8    0
1    16    4    1    0
2    16    11    3    0
3    16    20    32    0
4    16    6    5    0
1    17    18    8    0
2    17    17    32    0
3    17    2    3    0
4    17    20    3    0
1    18    20    32    0
2    18    13    8    0
3    18    3    3    0
4    18    10    3    0
1    20    17    3    0
2    20    4    32    0
3    20    1    1    0
4    20    3    5    0
63
1
2
4
1
1
158
79
0
1 2 0
1 0
2
18
2
1
2
162
83
0
2 1 7 18 0
1 14 17 0
5
2
2
1
3
107
37
0
5 3 2 0
3 2 0
1
18
3
1
4
50
41
0
1 19 18 0
15 18 0
5
18
1
1
5
-9
81
0
5 9 8 18 0
10 22 19 0
1
5
3
1
6
44
70
0
1 3 5 0
5 3 0
16
2
5
2
7
129
191
0
16 9 3 2 0
24 8 2 0
2
12
2
2
8
81
43
0
2 3 5 10 12 0
2 3 11 42 0
3
12
1
2
9
10
152
0
3 5 10 12 0
3 11 42 0
3
16
4
2
10
-106
296
0
3 9 16 0
8 24 0
12
16
4
2
11
15
212
0
12 15 16 0
40 29 0
17
18
2
3
12
138
24
0
17 18 0
32 0
6
17
4
3
13
68
304
0
6 5 9 16 17 0
4 10 24 30 0
18
6
1
3
14
-61
152
0
18 8 9 5 6 0
19 22 10 4 0
3
20
5
7
27
64
107
0
3 1 19 20 0
5 15 34 0
13
20
3
7
28
229
100
0
13 12 15 20 0
44 40 36 0
20
12
1
7
29
112
35
0
20 15 12 0
36 40 0
13
12
2
7
30
68
49
0
13 12 0
44 0
12
4
1
8
31
44
50
0
12 10 9 4 0
42 26 9 0
4
5
2
8
32
84
86
0
4 9 5 0
9 10 0
5
12
1
8
33
32
45
0
5 10 12 0
11 42 0
11
17
2
9
34
-1
90
0
11 15 17 0
39 31 0
5
11
1
9
35
97
33
0
5 10 11 0
11 41 0
3
5
5
9
36
99
22
0
3 5 0
3 0
5
17
1
9
37
-11
77
0
5 9 8 17 0
10 22 21 0
6
17
3
10
38
-32
176
0
6 5 9 16 17 0
4 10 24 30 0
18
7
2
10
39
-29
69
0
18 7 0
17 0
17
18
3
10
40
57
99
0
17 18 0
32 0
6
7
1
10
41
29
44
0
6 5 3 4 7 0
4 3 7 13 0
7
17
5
10
42
134
45
0
7 18 17 0
17 32 0
18
6
4
10
43
162
283
0
18 8 9 5 6 0
19 22 10 4 0
10
14
5
12
48
143
89
0
10 14 0
27 0
15
10
3
12
49
68
74
0
15 12 10 0
40 42 0
14
15
5
12
50
77
56
0
14 15 0
37 0
20
15
3
12
51
119
21
0
20 15 0
36 0
1
2
2
13
52
56
61
0
1 2 0
1 0
4
1
3
13
53
215
44
0
4 1 0
6 0
4
2
5
13
54
126
126
0
4 1 2 0
6 1 0
8
7
2
14
55
107
61
0
8 7 0
20 0
17
12
1
14
56
16
84
0
17 15 12 0
31 40 0
12
8
1
14
57
41
87
0
12 15 17 8 0
40 31 21 0
12
7
4
14
58
72
112
0
12 15 20 19 7 0
40 36 34 16 0
7
17
2
14
59
-18
60
0
7 18 17 0
17 32 0
17
8
4
14
60
155
97
0
17 8 0
21 0
4
11
5
16
65
248
208
0
4 9 14 11 0
9 25 38 0
11
6
5
16
66
351
156
0
11 10 5 6 0
41 11 4 0
20
4
2
16
67
-64
130
0
20 17 8 4 0
35 21 12 0
11
20
4
16
68
205
90
0
11 15 20 0
39 36 0
18
2
4
17
69
103
105
0
18 19 1 2 0
18 15 1 0
17
18
3
17
70
86
147
0
17 18 0
32 0
2
20
3
17
71
70
78
0
2 1 19 20 0
1 15 34 0
20
18
1
17
72
44
27
0
20 19 18 0
34 18 0
17
20
2
17
73
-33
148
0
17 20 0
35 0
20
3
3
18
74
-29
115
0
20 19 1 3 0
34 15 5 0
13
20
2
18
75
-76
142
0
13 12 15 20 0
44 40 36 0
3
13
2
18
76
169
88
0
3 5 10 12 13 0
3 11 42 44 0
10
13
2
18
77
119
76
0
10 12 13 0
42 44 0
3
10
2
18
78
107
36
0
3 5 10 0
3 11 0
17
3
4
20
83
228
124
0
17 16 9 3 0
30 24 8 0
4
17
1
20
84
-19
101
0
4 8 17 0
12 21 0
1
3
4
20
85
238
50
0
1 3 0
5 0
1
4
4
20
86
21
82
0
1 4 0
6 0
4
3
3
20
87
74
117
0
4 3 0
7 0
