0
92
0
0
1         4         1        6       1     0
2         3         2        9       1     0
3         4         3        3       1     0
4         2         4        8       1     0
2         1         5        4       1     0
3         1         6        2       1     0
1         2         7        11       2     0
2         4         8        15       2     0
3         2         9        7       2     0
1         4         10        2       2     0
3         4         11        10       2     0
1         3         12        20       2     0
1         2         13        12       3     0
2         4         14        10       3     0
3         1         15        4       3     0
1         4         16        13       3     0
3         4         17        20       3     0
3         2         18        9       3     0
1         3         19        11       4     0
2         1         20        20       4     0
3         4         21        2       4     0
1         4         22        1       4     0
3         2         23        17       4     0
4         2         24        11       4     0
1         3         25        5       5     0
2         3         26        20       5     0
3         4         27        7       5     0
2         4         28        15       5     0
2         1         29        1       5     0
1         2         30        3       6     0
2         4         31        5       6     0
3         4         32        17       6     0
3         1         33        9       6     0
1         2         34        2       7     0
2         3         35        12       7     0
3         4         36        19       7     0
1         4         37        14       7     0
3         1         38        18       7     0
1         3         39        13       8     0
2         3         40        18       8     0
3         4         41        3       8     0
2         1         42        20       8     0
1         3         43        18       9     0
2         4         44        15       9     0
3         4         45        8       9     0
2         3         46        1       9     0
1         3         47        11       10     0
2         1         48        5       10     0
3         2         49        5       10     0
1         3         50        9       11     0
2         3         51        19       11     0
3         4         52        14       11     0
1         4         53        4       11     0
1         4         54        6       12     0
2         3         55        17       12     0
3         4         56        13       12     0
2         1         57        15       12     0
1         3         58        20       13     0
2         3         59        15       13     0
3         4         60        11       13     0
2         4         61        18       13     0
1         2         62        20       14     0
2         3         63        12       14     0
3         1         64        3       14     0
4         2         65        14       14     0
1         4         66        19       14     0
4         3         67        13       14     0
1         2         68        6       15     0
2         4         69        6       15     0
3         2         70        5       15     0
1         3         71        7       15     0
1         4         72        5       15     0
1         2         73        13       16     0
2         3         74        19       16     0
1         3         75        12       16     0
1         4         76        6       17     0
2         4         77        16       17     0
3         1         78        4       17     0
1         2         79        18       17     0
1         2         80        8       18     0
2         3         81        15       18     0
3         1         82        17       18     0
1         3         83        19       19     0
2         4         84        14       19     0
3         4         85        20       19     0
2         3         86        5       19     0
2         1         87        15       19     0
4         1         88        3       19     0
1         4         89        8       20     0
2         1         90        11       20     0
3         4         91        15       20     0
2         4         92        11       20     0
