20
1       4       6        0
2       4       6        0
3       4       6        0
4       4       6        0
5       4       5        0
6       4       4        0
7       4       5        0
8       4       4        0
9       4       4        0
10       3       3        0
11       4       4        0
12       4       4        0
13       4       4        0
14       4       6        0
15       4       5        0
16       3       3        0
17       4       4        0
18       3       3        0
19       4       6        0
20       4       4        0
