31
1       3         1        16
17    20    0    
2       3         1        16
1    10    0    
3       3         1        16
12    5    0    
4       5         1        16
18    0    0    
1       4         2        16
3    11    8    
2       5         2        16
4    10    18    
3       2         2        16
2    6    0    
4       2         2        16
16    19    13    
1       2         3        16
20    7    19    
2       2         3        16
16    0    0    
3       2         3        16
12    0    0    
4       5         3        16
1    0    0    
1       1         4        16
10    14    13    
2       4         4        16
1    17    20    
3       3         4        16
19    0    0    
4       2         4        16
7    15    5    
1       1         5        16
1    9    12    
2       2         5        16
11    0    0    
3       1         5        16
13    0    0    
4       4         5        16
6    10    5    
1       1         6        16
5    13    0    
2       1         6        16
9    1    4    
3       4         6        16
3    16    14    
4       1         6        16
6    0    0    
1       3         7        16
16    12    0    
2       3         7        16
6    4    0    
3       5         7        16
14    20    1    
4       1         7        16
5    0    0    
1       4         8        16
8    5    16    
2       2         8        16
10    9    3    
3       2         8        16
20    17    0    
