27
1       2         1        4
9    0    0    
2       5         1        4
2    6    11    
3       2         1        4
3    20    0    
4       4         1        4
13    12    10    
1       2         2        4
9    0    0    
2       5         2        4
14    3    13    
3       2         2        4
20    11    0    
4       2         2        4
7    0    0    
1       3         3        4
12    0    0    
2       5         3        4
16    17    15    
3       3         3        4
8    2    0    
4       4         3        4
7    9    1    
1       3         4        4
13    0    0    
2       5         4        4
7    20    2    
3       2         4        4
15    5    0    
4       3         4        4
1    0    0    
1       1         5        4
3    10    0    
2       3         5        4
16    4    17    
3       2         5        4
7    9    1    
4       1         5        4
13    0    0    
1       1         6        4
13    2    0    
2       1         6        4
6    0    0    
3       2         6        4
8    7    1    
1       5         7        4
4    12    0    
2       5         7        4
2    3    0    
3       5         7        4
19    0    0    
4       2         7        4
8    10    0    
