4
86
55
31
1         4         1        2       147      1     0
2         3         2        1       94      1     0
3         1         3        5       176      1     0
2         4         4        4       277      1     0
1         2         5        3       199      1     0
4         3         6        5       377      1     0
1         4         11        4       314      3     0
2         1         12        3       110      3     0
3         4         13        2       98      3     0
2         4         14        4       205      3     0
1         3         15        2       134      3     0
3         2         16        3       217      3     0
1         2         46        3       164      11     0
2         3         47        4       212      11     0
3         1         48        4       186      11     0
4         3         49        5       445      11     0
1         4         57        3       157      14     0
2         4         58        2       167      14     0
3         1         59        3       148      14     0
1         2         60        5       542      14     0
1         3         81        2       72      20     0
2         3         82        2       294      20     0
3         4         83        5       295      20     0
1         2         84        5       246      20     0
1         4         4        2       83      2     1
2         3         5        1       140      2     1
3         4         6        4       160      2     1
1         3         7        4       261      2     1
2         4         8        5       260      2     1
1         2         9        5       611      3     1
2         3         10        3       294      3     1
3         1         11        3       163      3     1
4         2         12        4       175      3     1
3         4         13        3       172      3     1
1         2         5        2       152      2     2
2         3         6        5       205      2     2
1         3         7        2       130      2     2
1         3         1        1       101      1     3
2         3         2        5       360      1     3
3         4         3        2       124      1     3
4         1         4        2       220      1     3
4         2         5        5       338      1     3
2         1         6        4       85      1     3
1         4         7        4       175      2     3
2         4         8        3       310      2     3
3         2         9        1       47      2     3
3         1         10        5       136      2     3
3         4         11        4       133      2     3
1         2         12        5       202      2     3
1         2         13        1       85      3     3
2         3         14        2       138      3     3
3         1         15        2       79      3     3
4         3         16        1       75      3     3
4         2         17        4       91      3     3
4         1         18        3       187      3     3
1         2         1        3       124      1     4
2         4         2        3       179      1     4
3         4         3        3       130      1     4
4         1         4        3       244      1     4
3         1         5        2       73      1     4
1         3         6        4       89      2     4
2         3         7        4       198      2     4
3         4         8        4       264      2     4
1         4         9        4       287      2     4
4         2         10        1       62      2     4
1         2         11        2       156      3     4
2         4         12        2       129      3     4
3         1         13        5       483      3     4
3         2         14        3       31      3     4
1         3         15        1       137      4     4
2         4         16        3       163      4     4
3         2         17        4       153      4     4
1         4         18        2       477      4     4
1         4         19        1       108      5     4
2         1         20        3       267      5     4
3         1         21        3       117      5     4
3         2         22        2       85      5     4
4         3         23        2       297      5     4
4         2         24        1       121      5     4
1         2         25        5       409      6     4
2         3         26        5       273      6     4
1         3         27        2       155      6     4
1         4         28        3       208      7     4
2         3         29        4       304      7     4
3         4         30        3       80      7     4
2         1         31        4       122      7     4
