35
1	4	18	3	0
2	4	20	3	0
3	4	10	5	0
4	4	4	1	0
1	6	16	5	0
2	6	14	4	0
3	6	3	2	0
4	6	18	3	0
1	10	4	2	0
2	10	8	2	0
3	10	19	5	0
4	10	12	1	0
1	1	3	2	2
2	1	9	2	2
3	1	1	4	2
1	2	14	4	2
2	2	7	5	2
3	2	4	3	2
4	2	5	2	2
1	1	9	2	3
2	1	6	2	3
3	1	16	2	3
4	1	10	3	3
1	2	19	2	3
2	2	7	2	3
3	2	2	3	3
4	2	1	3	3
1	4	5	3	3
2	4	13	3	3
3	4	9	1	3
4	4	6	1	3
1	5	5	2	3
2	5	15	5	3
3	5	6	5	3
4	5	20	4	3
40
vl
18
20
4
4
14
27
132
0
0
17
2
0
18 19 20 
0
18 34 
0
vl
20
4
5
4
15
586
125
0
0
33
3
0
20 19 1 4 
0
34 15 6 
0
vl
10
18
5
4
16
-17
165
0
0
39
3
0
10 9 8 18 
0
26 22 19 
0
vl
18
4
3
4
17
-37
87
0
0
52
3
0
18 8 9 4 
0
19 22 9 
0
vl
4
10
4
4
18
233
140
0
0
56
3
0
4 3 5 10 
0
7 3 11 
0
vl
16
14
3
6
23
261
12
0
0
65
1
0
16 14 
0
28 
0
vl
14
18
2
6
24
126
66
0
0
74
3
0
14 16 8 18 
0
28 23 19 
0
vl
3
14
3
6
25
110
78
0
0
87
3
0
3 5 10 14 
0
3 11 27 
0
vl
18
16
1
6
26
35
44
0
0
108
3
0
18 19 17 16 
0
18 33 30 
0
vl
16
3
4
6
27
307
32
0
0
117
2
0
16 9 3 
0
24 8 
0
vl
18
3
5
6
28
-14
190
0
0
143
4
0
18 17 8 9 3 
0
32 21 22 8 
0
vl
4
19
3
10
45
171
18
0
0
271
2
0
4 1 19 
0
6 15 
0
vl
8
4
5
10
46
178
35
0
0
279
1
0
8 4 
0
12 
0
vl
19
12
4
10
47
63
96
0
0
282
3
0
19 20 15 12 
0
34 36 40 
0
vl
19
8
2
10
48
43
50
0
0
291
2
0
19 17 8 
0
33 21 
0
vl
3
1
1
1
1
158
1
0
2
0
1
0
3 1 
0
5 
0
vl
9
3
5
1
2
327
10
0
2
1
1
0
9 3 
0
8 
0
vl
9
1
1
1
3
214
33
0
2
11
3
0
9 4 7 1 
0
9 13 14 
0
vl
14
5
2
2
4
104
18
0
2
13
2
0
14 9 5 
0
25 10 
0
vl
7
5
3
2
5
132
102
0
2
14
3
0
7 4 9 5 
0
13 9 10 
0
vl
4
7
1
2
6
176
9
0
2
16
1
0
4 7 
0
13 
0
vl
14
4
2
2
7
126
48
0
2
18
2
0
14 9 4 
0
25 9 
0
vl
9
16
5
1
1
297
48
0
3
0
1
0
9 16 
0
24 
0
vl
6
16
2
1
2
224
60
0
3
0
3
0
6 5 9 16 
0
4 10 24 
0
vl
16
10
5
1
3
322
81
0
3
0
2
0
16 9 10 
0
24 26 
0
vl
6
10
2
1
4
123
69
0
3
0
2
0
6 5 10 
0
4 11 
0
vl
9
6
5
1
5
380
102
0
3
0
2
0
9 5 6 
0
10 4 
0
vl
19
1
2
2
6
244
20
0
3
0
1
0
19 1 
0
15 
0
vl
7
1
5
2
7
326
24
0
3
0
1
0
7 1 
0
14 
0
vl
2
1
3
2
8
279
54
0
3
0
1
0
2 1 
0
1 
0
vl
2
7
1
2
9
165
32
0
3
0
2
0
2 1 7 
0
1 14 
0
vl
5
13
4
4
13
375
73
0
3
0
2
0
5 6 13 
0
4 17 
0
vl
13
9
3
4
14
207
105
0
3
0
3
0
13 12 10 9 
0
44 42 26 
0
vl
9
5
4
4
15
300
33
0
3
0
1
0
9 5 
0
10 
0
vl
6
13
3
4
16
378
21
0
3
0
1
0
6 13 
0
17 
0
vl
5
15
1
5
17
136
65
0
3
0
3
0
5 10 14 15 
0
11 27 37 
0
vl
15
6
5
5
18
324
200
0
3
0
3
0
15 12 13 6 
0
40 44 17 
0
vl
6
20
5
5
19
443
245
0
3
0
4
0
6 13 12 15 20 
0
17 44 40 36 
0
vl
5
6
4
5
20
416
67
0
3
0
1
0
5 6 
0
4 
0
vl
15
20
3
5
21
216
67
0
3
0
1
0
15 20 
0
36 
0
