28
1    16    15    3    0
2    16    19    4    0
3    16    7    3    0
4    16    8    1    0
1    1    20    4    1
2    1    2    3    1
3    1    9    1    1
4    1    16    1    1
1    6    16    1    1
2    6    18    4    1
3    6    5    1    1
4    6    12    5    1
1    5    17    3    2
2    5    11    3    2
3    5    18    2    2
4    5    7    2    2
1    4    20    1   3
2    4    4    1   3
3    4    1    3   3
4    4    14    5   3
1    6    17    5   3
2    6    5    2   3
3    6    9    4   3
4    6    10    5   3
1    8    9    3   3
2    8    3    4   3
3    8    1    5   3
4    8    4    3   3
34
15
19
5
16
62
183
125
0
15 17 19 0
31 33 0
19
8
5
16
63
61
101
0
19 7 8 0
16 20 0
7
15
2
16
64
11
82
0
7 8 17 15 0
20 21 31 0
7
19
4
16
65
62
42
0
7 19 0
16 0
20
9
4
1
1
-21
141
1
20 15 16 9 0
36 29 24 0
2
9
5
1
2
349
71
1
2 3 9 0
2 8 0
9
16
5
1
3
300
61
1
9 16 0
24 0
16
2
2
1
4
29
64
1
16 9 3 2 0
24 8 2 0
16
12
1
6
22
20
34
1
16 15 12 0
29 40 0
18
12
3
6
23
8
77
1
18 17 15 12 0
32 31 40 0
5
16
1
6
24
11
25
1
5 9 16 0
10 24 0
18
5
1
6
25
56
62
1
18 8 9 5 0
19 22 10 0
16
18
3
6
26
252
57
1
16 17 18 0
30 32 0
5
12
5
6
27
146
63
1
5 10 12 0
11 42 0
17
7
5
5
18
151
99
2
17 18 7 0
32 17 0
11
7
4
5
19
144
158
2
11 15 17 19 7 0
39 31 33 16 0
18
7
1
5
20
17
28
2
18 7 0
17 0
18
11
3
5
21
185
37
2
18 17 15 11 0
32 31 39 0
11
17
3
5
22
210
36
2
11 15 17 0
39 31 0
18
17
2
5
23
131
17
2
18 17 0
32 0
20
1
5
4
13
33
104
3
20 19 1 0
34 15 0
4
1
5
4
14
327
41
3
4 1 0
6 0
1
14
4
4
15
140
215
3
1 3 9 14 0
5 8 25 0
20
14
1
4
16
36
40
3
20 15 14 0
36 37 0
17
10
4
6
20
98
148
3
17 16 9 10 0
30 24 26 0
5
10
5
6
21
42
92
3
5 10 0
11 0
9
10
3
6
22
37
49
3
9 10 0
26 0
9
17
2
6
23
117
73
3
9 16 17 0
24 30 0
9
5
4
6
24
36
74
3
9 5 0
10 0
9
3
4
8
30
121
72
3
9 3 0
8 0
3
1
3
8
31
79
90
3
3 1 0
5 0
1
4
4
8
32
120
48
3
1 4 0
6 0
3
4
3
8
33
198
32
3
3 4 0
7 0
9
4
5
8
34
153
115
3
9 4 0
9 0
