19
1	4	18	3	0
2	4	20	3	0
3	4	10	5	0
4	4	4	1	0
1	6	16	5	0
2	6	14	4	0
3	6	3	2	0
4	6	18	3	0
1	10	4	2	0
2	10	8	2	0
3	10	19	5	0
4	10	12	1	0
1	1	3	2	2
2	1	9	2	2
3	1	1	4	2
1	2	14	4	2
2	2	7	5	2
3	2	4	3	2
4	2	5	2	2
22
vl
18
20
4
4
14
27
132
0
0
17
2
2
18 19 20 
18 17 20 
18 34 
32 35 
vl
20
4
5
4
15
586
125
0
0
33
3
3
20 19 1 4 
20 17 8 4 
34 15 6 
35 21 12 
vl
10
18
5
4
16
-17
165
0
0
39
3
4
10 9 8 18 
10 12 15 17 18 
26 22 19 
42 40 31 32 
vl
18
4
3
4
17
-37
87
0
0
52
3
3
18 8 9 4 
18 19 1 4 
19 22 9 
18 15 6 
vl
4
10
4
4
18
233
140
0
0
56
3
2
4 3 5 10 
4 9 10 
7 3 11 
9 26 
vl
16
14
3
6
23
261
12
0
0
65
1
2
16 14 
16 9 14 
28 
24 25 
vl
14
18
2
6
24
126
66
0
0
74
3
4
14 16 8 18 
14 15 20 17 18 
28 23 19 
37 36 35 32 
vl
3
14
3
6
25
110
78
0
0
87
3
3
3 5 10 14 
3 9 16 14 
3 11 27 
8 24 28 
vl
18
16
1
6
26
35
44
0
0
108
3
4
18 19 17 16 
18 8 4 9 16 
18 33 30 
19 12 9 24 
vl
16
3
4
6
27
307
32
0
0
117
2
4
16 9 3 
16 14 10 5 3 
24 8 
28 27 11 3 
vl
18
3
5
6
28
-14
190
0
0
143
4
4
18 17 8 9 3 
18 8 7 1 3 
32 21 22 8 
19 20 14 5 
vl
4
19
3
10
45
171
18
0
0
271
2
2
4 1 19 
4 7 19 
6 15 
13 16 
vl
8
4
5
10
46
178
35
0
0
279
1
2
8 4 
8 7 4 
12 
20 13 
vl
19
12
4
10
47
63
96
0
0
282
3
5
19 20 15 12 
19 1 4 9 10 12 
34 36 40 
15 6 9 26 42 
vl
19
8
2
10
48
43
50
0
0
291
2
2
19 17 8 
19 7 8 
33 21 
16 20 
vl
3
1
1
1
1
158
1
0
2
0
1
3
3 1 
3 9 4 1 
5 
8 9 6 
vl
9
3
5
1
2
327
10
0
2
1
1
6
9 3 
9 14 15 17 8 4 3 
8 
25 37 31 21 12 7 
vl
9
1
1
1
3
214
33
0
2
11
3
4
9 4 7 1 
9 8 7 19 1 
9 13 14 
22 20 16 15 
vl
14
5
2
2
4
104
18
0
2
13
2
2
14 9 5 
14 10 5 
25 10 
27 11 
vl
7
5
3
2
5
132
102
0
2
14
3
3
7 4 9 5 
7 1 3 5 
13 9 10 
14 5 3 
vl
4
7
1
2
6
176
9
0
2
16
1
2
4 7 
4 1 7 
13 
6 14 
vl
14
4
2
2
7
126
48
0
2
18
2
5
14 9 4 
14 10 9 8 7 4 
25 9 
27 26 22 20 13 
