39
1	4	3	2	0
2	4	10	5	0
3	4	16	1	0
4	4	12	2	0
1	1	1	1	1
2	1	6	1	1
3	1	8	1	1
4	1	2	1	1
1	4	1	1	1
2	4	8	4	1
3	4	17	1	1
4	4	16	4	1
1	5	2	5	1
2	5	19	3	1
3	5	4	5	1
4	5	20	4	1
1	3	15	3	2
2	3	17	4	2
3	3	4	1	2
4	3	7	2	2
1	4	13	4	2
2	4	20	5	2
3	4	5	4	2
4	4	9	3	2
1	5	20	1	2
2	5	10	1	2
3	5	16	3	2
4	5	3	1	2
1	6	2	4	2
2	6	12	2	2
3	6	11	1	2
4	6	15	5	2
1	7	10	5	2
2	7	12	3	2
3	7	9	2	2
1	4	16	1	3
2	4	4	5	3
3	4	5	4	3
4	4	3	2	3
43
vl
3
10
2
4
15
9
52
0
0
163
2
2
3 5 10 
3 9 10 
3 11 
8 26 
vl
10
16
2
4
16
136
48
0
0
181
2
2
10 9 16 
10 14 16 
26 24 
27 28 
vl
16
3
3
4
17
118
60
0
0
199
3
2
16 8 4 3 
16 9 3 
23 12 7 
24 8 
vl
12
10
4
4
18
118
40
0
0
208
1
2
12 10 
12 11 10 
42 
43 41 
vl
12
3
4
4
19
-67
80
0
0
211
3
5
12 10 9 3 
12 15 17 19 1 3 
42 26 8 
40 31 33 15 5 
vl
1
6
2
1
1
163
56
0
1
12
4
6
1 4 3 5 6 
1 19 17 15 12 13 6 
6 7 3 4 
15 33 31 40 44 17 
vl
6
8
1
1
2
28
32
0
1
16
3
5
6 5 9 8 
6 13 12 15 16 8 
4 10 22 
17 44 40 29 23 
vl
8
1
5
1
3
189
100
0
1
34
2
3
8 7 1 
8 17 19 1 
20 14 
21 33 15 
vl
2
1
2
1
4
31
16
0
1
45
1
2
2 1 
2 3 1 
1 
2 5 
vl
2
6
2
1
5
-50
72
0
1
47
5
6
2 1 4 3 5 6 
2 3 9 10 12 13 6 
1 6 7 3 4 
2 8 26 42 44 17 
vl
1
16
1
4
14
91
24
0
1
95
3
3
1 4 8 16 
1 19 17 16 
6 12 23 
15 33 30 
vl
8
16
3
4
15
104
36
0
1
109
1
2
8 16 
8 9 16 
23 
22 24 
vl
17
1
5
4
16
159
135
0
1
113
3
2
17 8 4 1 
17 19 1 
21 12 6 
33 15 
vl
17
16
3
4
17
24
12
0
1
125
1
2
17 16 
17 8 16 
30 
21 23 
vl
2
19
3
5
18
12
102
0
1
129
3
3
2 1 7 19 
2 3 1 19 
1 14 16 
2 5 15 
vl
19
4
5
5
19
158
60
0
1
141
2
2
19 1 4 
19 7 4 
15 6 
16 13 
vl
4
2
3
5
20
59
27
0
1
160
2
3
4 1 2 
4 9 3 2 
6 1 
9 8 2 
vl
20
2
4
5
21
63
124
0
1
171
3
5
20 19 1 2 
20 15 16 9 3 2 
34 15 1 
36 29 24 8 2 
vl
15
7
4
3
11
24
112
0
2
89
3
3
15 16 8 7 
15 17 19 7 
29 23 20 
31 33 16 
vl
17
15
2
3
12
154
4
0
2
95
1
2
17 15 
17 16 15 
31 
30 29 
vl
4
7
1
3
13
10
8
0
2
96
1
2
4 7 
4 1 7 
13 
6 14 
vl
15
4
2
3
14
135
50
0
2
110
4
4
15 14 16 8 4 
15 12 10 9 4 
37 28 23 12 
40 42 26 9 
vl
13
9
5
4
15
185
170
0
2
113
3
4
13 12 10 9 
13 6 5 3 9 
44 42 26 
17 4 3 8 
vl
20
9
3
4
16
187
105
0
2
131
3
3
20 17 8 9 
20 15 16 9 
35 21 22 
36 29 24 
vl
5
13
5
4
17
152
70
0
2
144
2
4
5 6 13 
5 10 11 12 13 
4 17 
11 41 43 44 
vl
5
9
1
4
18
105
20
0
2
149
1
2
5 9 
5 10 9 
10 
11 26 
vl
20
16
5
5
19
196
40
0
2
154
2
3
20 15 16 
20 19 17 16 
36 29 
34 33 30 
vl
10
20
2
5
20
42
28
0
2
177
4
4
10 14 16 15 20 
10 9 8 17 20 
27 28 29 36 
26 22 21 35 
vl
16
10
1
5
21
40
6
0
2
183
2
2
16 14 10 
16 9 10 
28 27 
24 26 
vl
3
20
3
5
22
87
177
0
2
206
4
4
3 4 8 17 20 
3 9 16 15 20 
7 12 21 35 
8 24 29 36 
vl
2
12
1
6
23
14
54
0
2
224
5
5
2 1 19 17 15 12 
2 3 9 10 11 12 
1 15 33 31 40 
2 8 26 41 43 
vl
12
11
4
6
24
32
36
0
2
225
1
2
12 11 
12 10 11 
43 
42 41 
vl
11
15
1
6
25
19
9
0
2
226
1
2
11 15 
11 14 15 
39 
38 37 
vl
15
2
1
6
26
44
42
0
2
237
4
4
15 16 9 3 2 
15 20 19 1 2 
29 24 8 2 
36 34 15 1 
vl
11
2
5
6
27
251
180
0
2
245
4
5
11 10 5 3 2 
11 15 20 19 1 2 
41 11 3 2 
39 36 34 15 1 
vl
12
15
4
6
28
267
72
0
2
257
1
2
12 15 
12 11 15 
40 
43 39 
vl
10
9
2
7
29
80
26
0
2
258
1
2
10 9 
10 14 9 
26 
27 25 
vl
12
9
3
7
30
141
129
0
2
267
3
3
12 15 14 9 
12 11 10 9 
40 37 25 
43 41 26 
vl
10
12
5
7
31
87
15
0
2
274
1
2
10 12 
10 11 12 
42 
41 43 
vl
16
3
4
4
17
184
92
15
3
177
3
3
16 9 4 3 
16 8 9 3 
24 9 7 
23 22 8 
vl
4
3
3
4
18
242
21
2
3
182
1
2
4 3 
4 9 3 
7 
9 8 
vl
5
3
4
4
19
107
52
44
3
183
1
2
5 3 
5 9 3 
3 
10 8 
vl
4
16
5
4
20
23
80
68
3
188
2
3
4 9 16 
4 7 8 16 
9 24 
13 20 23 
