30
1       5         1        3
6    0    0    
2       3         1        3
8    17    0    
3       4         1        3
9    1    0    
1       4         2        3
2    9    0    
2       2         2        3
15    13    0    
3       3         2        3
16    3    0    
4       4         2        3
12    0    0    
1       5         3        3
9    3    7    
2       3         3        3
14    0    0    
3       5         3        3
6    20    2    
4       1         3        3
11    12    5    
1       1         4        3
18    20    0    
2       1         4        3
4    13    12    
3       3         4        3
1    0    0    
4       5         4        3
14    0    0    
1       5         5        3
13    19    0    
2       3         5        3
20    0    0    
3       4         5        3
11    0    0    
1       5         6        3
2    17    0    
2       2         6        3
15    5    0    
3       4         6        3
9    0    0    
4       5         6        3
10    0    0    
1       5         7        3
14    13    18    
2       1         7        3
16    0    0    
3       1         7        3
20    11    1    
4       1         7        3
3    0    0    
1       3         8        3
9    18    0    
2       4         8        3
3    0    0    
3       5         8        3
12    14    1    
4       3         8        3
11    4    20    
