3
35
12
23
1         2         47        3       171      12     0
2         3         48        4       371      12     0
1         3         49        4       271      12     0
1         2         57        2       88      15     0
2         4         58        3       280      15     0
3         2         59        2       215      15     0
1         4         60        1       91      15     0
3         1         61        1       38      15     0
1         2         62        5       308      16     0
2         4         63        5       162      16     0
3         1         64        2       93      16     0
3         2         65        4       104      16     0
1         3         1        2       288      1     3
2         3         2        2       338      1     3
3         4         3        3       403      1     3
1         4         4        2       124      1     3
2         4         5        1       125      1     3
1         3         6        5       406      2     3
2         1         7        4       61      2     3
2         3         8        1       116      2     3
1         3         9        2       190      3     3
2         1         10        4       241      3     3
3         2         11        2       213      3     3
1         3         12        4       167      4     3
2         4         13        3       39      4     3
3         4         14        1       108      4     3
1         4         15        1       110      4     3
1         3         16        5       472      5     3
2         4         17        2       121      5     3
3         4         18        3       244      5     3
1         2         19        3       400      5     3
1         2         20        5       229      6     3
2         3         21        5       300      6     3
3         1         22        3       385      6     3
4         1         23        4       485      6     3
