39
1	5	2	5	1
2	5	19	3	1
3	5	4	5	1
4	5	20	4	1
1	5	20	1	2
2	5	10	1	2
3	5	16	3	2
4	5	3	1	2
1	2	14	5	4
2	2	3	4	4
3	2	12	1	4
4	2	7	4	4
1	1	19	3	5
2	1	10	4	5
3	1	20	1	5
4	1	8	4	5
1	2	16	1	5
2	2	11	1	5
3	2	4	5	5
4	2	17	3	5
1	5	13	2	5
2	5	7	5	5
3	5	12	1	5
4	5	18	1	5
1	2	4	1	9
2	2	2	3	9
3	2	20	1	9
4	2	8	2	9
1	2	19	1	11
2	2	9	3	11
3	2	18	2	11
1	3	6	2	11
2	3	1	1	11
3	3	5	5	11
4	3	9	2	11
1	5	16	4	11
2	5	15	4	11
3	5	14	2	11
4	5	10	4	11
47
vl
2
19
3
5
18
12
102
0
1
129
3
3
2 1 7 19 
2 3 1 19 
1 14 16 
2 5 15 
vl
19
4
5
5
19
158
60
0
1
141
2
2
19 1 4 
19 7 4 
15 6 
16 13 
vl
4
2
3
5
20
59
27
0
1
160
2
3
4 1 2 
4 9 3 2 
6 1 
9 8 2 
vl
20
2
4
5
21
63
124
0
1
171
3
5
20 19 1 2 
20 15 16 9 3 2 
34 15 1 
36 29 24 8 2 
vl
20
16
5
5
19
196
40
0
2
154
2
3
20 15 16 
20 19 17 16 
36 29 
34 33 30 
vl
10
20
2
5
20
42
28
0
2
177
4
4
10 14 16 15 20 
10 9 8 17 20 
27 28 29 36 
26 22 21 35 
vl
16
10
1
5
21
40
6
0
2
183
2
2
16 14 10 
16 9 10 
28 27 
24 26 
vl
3
20
3
5
22
87
177
0
2
206
4
4
3 4 8 17 20 
3 9 16 15 20 
7 12 21 35 
8 24 29 36 
vl
14
7
1
2
6
177
19
0
4
14
4
4
14 10 9 4 7 
14 16 17 19 7 
27 26 9 13 
28 30 33 16 
vl
3
12
4
2
7
-81
236
0
4
22
4
4
3 5 10 11 12 
3 9 16 15 12 
3 11 41 43 
8 24 29 40 
vl
12
14
1
2
8
34
28
0
4
31
2
3
12 15 14 
12 11 10 14 
40 37 
43 41 27 
vl
3
7
5
2
9
296
55
0
4
49
2
3
3 4 7 
3 1 19 7 
7 13 
5 15 16 
vl
14
3
3
2
10
112
87
0
4
62
2
4
14 9 3 
14 16 9 5 3 
25 8 
28 24 10 3 
vl
7
12
2
2
11
57
102
0
4
78
4
4
7 19 17 15 12 
7 8 9 10 12 
16 33 31 40 
20 22 26 42 
vl
19
20
5
1
1
363
75
0
5
0
1
2
19 20 
19 17 20 
34 
33 35 
vl
10
19
5
1
2
510
90
0
5
7
4
4
10 9 8 18 19 
10 5 3 1 19 
26 22 19 18 
11 3 5 15 
vl
20
10
4
1
3
267
140
0
5
18
3
4
20 15 14 10 
20 17 15 12 10 
36 37 27 
35 31 40 42 
vl
8
19
1
1
4
57
5
0
5
33
2
3
8 18 19 
8 17 20 19 
19 18 
21 35 34 
vl
10
8
5
1
5
149
65
0
5
48
2
4
10 9 8 
10 12 15 17 8 
26 22 
42 40 31 21 
vl
16
11
2
2
6
146
38
0
5
62
2
3
16 15 11 
16 14 10 11 
29 39 
28 27 41 
vl
11
17
3
2
7
-5
105
0
5
88
3
4
11 15 16 17 
11 12 15 20 17 
39 29 30 
43 40 36 35 
vl
4
11
1
2
8
160
37
0
5
103
4
3
4 3 9 14 11 
4 9 10 11 
7 8 25 38 
9 26 41 
vl
4
16
5
2
9
255
75
0
5
108
2
3
4 8 16 
4 9 14 16 
12 23 
9 25 28 
vl
17
16
3
2
10
293
48
0
5
121
1
2
17 16 
17 8 16 
30 
21 23 
vl
4
17
3
2
11
319
36
0
5
123
2
3
4 8 17 
4 7 19 17 
12 21 
13 16 33 
vl
13
12
1
5
20
-8
2
0
5
215
1
4
13 12 
13 6 5 10 12 
44 
17 4 11 42 
vl
7
12
1
5
21
125
34
0
5
228
4
4
7 8 17 15 12 
7 4 9 10 12 
20 21 31 40 
13 9 26 42 
vl
12
18
4
5
22
-111
208
0
5
245
4
5
12 15 20 17 18 
12 11 15 17 19 18 
40 36 35 32 
43 39 31 33 18 
vl
18
7
3
5
23
287
15
0
5
246
2
2
18 8 7 
18 19 7 
19 20 
18 16 
vl
4
20
2
2
5
93
38
0
9
39
3
3
4 8 17 20 
4 1 19 20 
12 21 35 
6 15 34 
vl
2
20
1
2
6
98
39
0
9
53
4
5
2 1 19 17 20 
2 3 1 7 19 20 
1 15 33 35 
2 5 14 16 34 
vl
20
8
1
2
7
41
11
0
9
74
3
3
20 17 16 8 
20 19 17 8 
35 30 23 
34 33 21 
vl
2
8
5
2
8
47
170
0
9
86
3
3
2 3 4 8 
2 1 7 8 
2 7 12 
1 14 20 
vl
19
9
2
2
6
72
32
0
11
4
3
3
19 18 8 9 
19 7 4 9 
18 19 22 
16 13 9 
vl
9
18
1
2
7
106
11
0
11
17
2
4
9 8 18 
9 16 17 19 18 
22 19 
24 30 33 18 
vl
18
19
3
2
8
73
15
48
11
30
1
2
18 19 
18 17 19 
18 
32 33 
vl
6
1
5
3
9
255
105
93
11
33
3
6
6 5 3 1 
6 13 12 15 17 19 1 
4 3 5 
17 44 40 31 33 15 
vl
1
9
2
3
10
39
18
0
11
47
2
3
1 3 9 
1 7 8 9 
5 8 
14 20 22 
vl
5
6
4
3
11
66
52
69
11
61
1
4
5 6 
5 10 12 13 6 
4 
11 42 44 17 
vl
9
5
5
3
12
255
35
38
11
62
1
2
9 5 
9 10 5 
10 
26 11 
vl
6
9
3
3
13
230
60
49
11
63
2
4
6 5 9 
6 13 12 10 9 
4 10 
17 44 42 26 
vl
16
15
1
5
20
57
3
13
11
78
1
2
16 15 
16 17 15 
29 
30 31 
vl
15
14
4
5
21
247
72
0
11
79
1
2
15 14 
15 16 14 
37 
29 28 
vl
14
16
3
5
22
62
42
54
11
80
1
2
14 16 
14 15 16 
28 
37 29 
vl
10
15
1
5
23
117
9
0
11
84
2
2
10 11 15 
10 12 15 
41 39 
42 40 
vl
14
10
2
5
24
116
28
38
11
96
1
2
14 10 
14 9 10 
27 
25 26 
vl
16
10
1
5
25
116
28
0
11
101
2
3
16 14 10 
16 15 12 10 
28 27 
29 40 42 
