19
1       1         1        11
9    0    0    
2       3         1        11
17    16    0    
3       4         1        11
2    0    0    
4       4         1        11
20    0    0    
1       1         2        11
2    19    0    
2       3         2        11
9    15    13    
3       2         2        11
16    6    18    
1       2         3        11
6    0    0    
2       1         3        11
1    18    17    
3       5         3        11
19    5    0    
4       2         3        11
8    11    9    
1       3         4        11
7    0    0    
2       3         4        11
2    15    0    
3       5         4        11
1    16    0    
4       5         4        11
19    0    0    
1       4         5        11
16    0    0    
2       4         5        11
15    19    13    
3       2         5        11
14    0    0    
4       4         5        11
4    10    0    
