0
87
0
0
1         2         1        4       237      1     0
2         4         2        2       245      1     0
3         2         3        2       144      1     0
1         4         4        3       91      1     0
3         4         5        1       72      1     0
1         3         6        3       114      1     0
1         2         7        5       320      2     0
2         4         8        2       124      2     0
3         4         9        1       162      2     0
3         1         10        4       190      2     0
4         1         11        4       227      2     0
1         3         12        2       162      3     0
2         1         13        4       372      3     0
3         2         14        1       91      3     0
1         2         15        4       208      4     0
2         3         16        5       363      4     0
3         1         17        3       51      4     0
4         1         18        5       308      4     0
1         2         19        5       157      5     0
2         4         20        1       26      5     0
3         2         21        5       168      5     0
4         1         22        5       129      5     0
1         2         23        4       234      6     0
2         3         24        5       250      6     0
3         1         25        4       224      6     0
4         1         26        2       115      6     0
1         3         27        5       171      7     0
2         3         28        3       329      7     0
3         4         29        1       147      7     0
2         4         30        2       117      7     0
1         2         31        1       94      8     0
2         3         32        2       170      8     0
3         1         33        1       77      8     0
1         4         34        2       89      9     0
2         1         35        1       130      9     0
3         2         36        5       121      9     0
2         4         37        1       66      9     0
1         3         38        3       144      10     0
2         4         39        2       40      10     0
3         2         40        3       156      10     0
1         4         41        1       73      10     0
4         3         42        5       179      10     0
2         1         43        4       445      10     0
1         2         44        4       109      11     0
2         3         45        3       130      11     0
3         4         46        4       289      11     0
1         3         47        3       160      11     0
1         3         48        5       232      12     0
2         1         49        3       142      12     0
3         2         50        5       133      12     0
4         2         51        3       140      12     0
1         3         52        2       117      13     0
2         1         53        3       259      13     0
2         3         54        5       252      13     0
1         4         55        2       168      14     0
2         3         56        1       100      14     0
3         1         57        1       128      14     0
3         4         58        4       184      14     0
4         2         59        2       42      14     0
2         1         60        4       252      14     0
1         2         61        5       279      15     0
2         4         62        5       320      15     0
3         1         63        1       126      15     0
4         3         64        3       251      15     0
1         2         65        5       456      16     0
2         4         66        5       507      16     0
3         1         67        2       66      16     0
2         3         68        4       295      16     0
1         3         69        4       208      17     0
2         1         70        3       233      17     0
3         4         71        3       148      17     0
4         1         72        1       71      17     0
2         4         73        2       115      17     0
1         3         74        3       86      18     0
2         1         75        2       66      18     0
3         2         76        2       257      18     0
4         2         77        2       195      18     0
3         4         78        2       143      18     0
1         3         79        2       151      19     0
2         3         80        3       105      19     0
3         4         81        1       143      19     0
2         1         82        3       130      19     0
1         4         83        4       352      20     0
2         1         84        1       82      20     0
3         4         85        4       288      20     0
3         2         86        4       103      20     0
2         4         87        3       191      20     0
