38
1    1    12    1    0
2    1    20    1    0
3    1    10    5    0
4    1    16    1    0
1    3    20    3    0
2    3    19    1    0
3    3    12    3    0
4    3    8    1    0
1    4    19    1    0
2    4    5    3    0
3    4    1    3    0
4    4    6    4    0
1    6    14    4    0
2    6    4    1    0
3    6    13    3    0
1    11    8    1    0
2    11    17    5    0
3    11    19    4    0
4    11    15    2    0
1    14    17    1    0
2    14    2    1    0
3    14    9    3    0
4    14    15    1    0
1    18    4    4    0
2    18    5    2    0
3    18    3    1    0
4    18    15    2    0
1    20    4    1    0
2    20    11    4    0
3    20    7    5    0
4    20    9    1    0
1    2    17    2    2
2    2    3    3    2
3    2    11    3    2
1    3    9    2   3
2    3    8    2   3
3    3    20    2   3
4    3    18    4   3
44
12
16
2
1
1
90
57
0
12 15 16 0
40 29 0
20
10
1
1
2
41
53
0
20 15 12 10 0
36 40 42 0
10
12
5
1
3
114
62
0
10 12 0
42 0
20
16
4
1
4
163
114
0
20 17 16 0
35 30 0
12
20
3
1
5
144
55
0
12 15 20 0
40 36 0
16
10
5
1
6
216
161
0
16 9 10 0
24 26 0
20
8
4
3
11
179
135
0
20 17 8 0
35 21 0
19
20
3
3
12
59
51
0
19 20 0
34 0
12
8
2
3
13
7
91
0
12 15 17 8 0
40 31 21 0
19
8
4
3
14
50
155
0
19 7 8 0
16 20 0
20
12
2
3
15
88
46
0
20 15 12 0
36 40 0
12
19
3
3
16
82
135
0
12 15 17 19 0
40 31 33 0
19
6
5
4
17
209
142
0
19 1 3 5 6 0
15 5 3 4 0
5
6
5
4
18
185
49
0
5 6 0
4 0
1
5
3
4
19
71
29
0
1 3 5 0
5 3 0
6
1
4
4
20
85
71
0
6 5 3 1 0
4 3 5 0
14
4
2
6
26
110
72
0
14 9 4 0
25 9 0
4
13
4
6
27
422
192
0
4 9 10 12 13 0
9 26 42 44 0
13
14
5
6
28
174
182
0
13 12 15 14 0
44 40 37 0
8
17
3
11
46
101
63
0
8 17 0
21 0
17
19
4
11
47
125
87
0
17 19 0
33 0
19
8
4
11
48
27
159
0
19 7 8 0
16 20 0
15
19
5
11
49
259
186
0
15 17 19 0
31 33 0
17
15
3
14
57
124
33
0
17 15 0
31 0
2
15
2
14
58
75
92
0
2 1 19 20 15 0
1 15 34 36 0
9
17
3
14
59
53
95
0
9 16 17 0
24 30 0
17
2
5
14
60
306
236
0
17 19 1 2 0
33 15 1 0
4
5
1
18
74
47
37
0
4 9 5 0
9 10 0
5
15
1
18
75
-38
86
0
5 9 16 15 0
10 24 29 0
3
4
3
18
76
163
55
0
3 4 0
7 0
5
3
5
18
77
356
40
0
5 3 0
3 0
4
7
2
20
81
46
26
0
4 7 0
13 0
11
7
2
20
82
157
137
0
11 15 17 19 7 0
39 31 33 16 0
7
9
5
20
83
188
107
0
7 4 9 0
13 9 0
4
11
5
20
84
39
207
0
4 9 14 11 0
9 25 38 0
17
3
2
2
5
62
90
2
17 16 9 3 0
30 24 8 0
3
11
5
2
6
78
127
2
3 9 10 11 0
8 26 41 0
17
11
2
2
7
71
59
2
17 15 11 0
31 39 0
9
8
1
3
13
53
32
3
9 8 0
22 0
8
20
2
3
14
98
40
3
8 17 20 0
21 35 0
20
9
2
3
15
-1
80
3
20 15 16 9 0
36 29 24 0
18
20
1
3
16
63
12
3
18 19 20 0
18 34 0
18
8
4
3
17
57
34
3
18 8 0
19 0
18
9
3
3
18
114
73
3
18 8 9 0
19 22 0
