20
1       2         1        3
20    8    0    
2       1         1        3
16    3    0    
3       3         1        3
12    0    0    
4       3         1        3
6    0    0    
1       1         2        3
15    0    0    
2       1         2        3
4    13    10    
3       1         2        3
8    0    0    
4       2         2        3
16    6    0    
1       2         3        3
9    0    0    
2       2         3        3
5    17    8    
3       2         3        3
20    12    0    
4       4         3        3
19    18    11    
1       5         4        3
15    9    18    
2       5         4        3
7    12    0    
3       5         4        3
6    0    0    
4       4         4        3
10    13    0    
1       5         5        3
1    16    0    
2       3         5        3
12    11    9    
3       2         5        3
19    5    0    
4       4         5        3
13    17    0    
