32
1	3	6	2	11
2	3	1	1	11
3	3	5	5	11
4	3	9	2	11
1	3	20	2	16
2	3	16	2	16
3	3	12	2	16
4	3	1	5	16
1	1	11	2	18
2	1	15	5	18
3	1	13	4	18
1	3	11	1	18
2	3	10	1	18
3	3	20	2	18
1	4	19	2	18
2	4	12	5	18
3	4	20	5	18
1	5	8	1	18
2	5	14	4	18
3	5	10	3	18
4	5	15	2	18
1	6	1	4	18
2	6	19	1	18
3	6	11	1	18
1	1	10	1	19
2	1	8	3	19
3	1	4	5	19
4	1	2	1	19
1	4	20	1	19
2	4	9	3	19
3	4	12	3	19
4	4	11	4	19
35
vl
6
1
5
3
9
255
105
0
11
33
3
6
6 5 3 1 
6 13 12 15 17 19 1 
4 3 5 
17 44 40 31 33 15 
vl
1
9
2
3
10
39
18
0
11
47
2
3
1 3 9 
1 7 8 9 
5 8 
14 20 22 
vl
5
6
4
3
11
66
52
0
11
61
1
4
5 6 
5 10 12 13 6 
4 
11 42 44 17 
vl
9
5
5
3
12
255
35
0
11
62
1
2
9 5 
9 10 5 
10 
26 11 
vl
6
9
3
3
13
230
60
0
11
63
2
4
6 5 9 
6 13 12 10 9 
4 10 
17 44 42 26 
vl
20
12
3
3
10
238
99
0
16
103
4
4
20 15 14 10 12 
20 17 16 15 12 
36 37 27 42 
35 30 29 40 
vl
16
20
3
3
11
144
48
0
16
107
2
2
16 17 20 
16 15 20 
30 35 
29 36 
vl
12
1
2
3
12
127
104
0
16
122
4
4
12 15 17 19 1 
12 10 9 4 1 
40 31 33 15 
42 26 9 6 
vl
16
1
2
3
13
128
44
0
16
144
3
3
16 8 4 1 
16 9 3 1 
23 12 6 
24 8 5 
vl
11
13
3
1
1
27
51
0
18
3
3
4
11 15 12 13 
11 10 5 6 13 
39 40 44 
41 11 4 17 
vl
15
13
1
1
2
78
14
0
18
15
2
5
15 12 13 
15 16 9 5 6 13 
40 44 
29 24 10 4 17 
vl
15
11
2
1
3
38
6
0
18
29
1
2
15 11 
15 14 11 
39 
37 38 
vl
11
10
1
3
7
27
6
0
18
47
1
2
11 10 
11 12 10 
41 
43 42 
vl
10
20
3
3
8
248
48
0
18
49
3
4
10 11 15 20 
10 9 8 17 20 
41 39 36 
26 22 21 35 
vl
20
11
1
3
9
100
10
0
18
65
2
4
20 15 11 
20 17 15 12 11 
36 39 
35 31 40 43 
vl
19
12
5
4
10
128
105
0
18
80
3
5
19 17 15 12 
19 18 8 9 10 12 
33 31 40 
18 19 22 26 42 
vl
12
20
3
4
11
118
27
0
18
93
2
4
12 15 20 
12 11 15 17 20 
40 36 
43 39 31 35 
vl
20
19
4
4
12
232
76
0
18
108
1
2
20 19 
20 17 19 
34 
35 33 
vl
8
10
5
5
13
95
100
0
18
121
3
2
8 16 14 10 
8 9 10 
23 28 27 
22 26 
vl
14
15
2
5
14
155
14
0
18
124
1
2
14 15 
14 11 15 
37 
38 39 
vl
10
15
5
5
15
95
45
0
18
128
2
2
10 11 15 
10 12 15 
41 39 
42 40 
vl
8
14
1
5
16
93
5
0
18
140
2
2
8 16 14 
8 9 14 
23 28 
22 25 
vl
8
15
2
5
17
57
24
0
18
155
2
2
8 16 15 
8 17 15 
23 29 
21 31 
vl
1
11
3
6
18
167
102
0
18
183
4
4
1 4 9 14 11 
1 19 17 15 11 
6 9 25 38 
15 33 31 39 
vl
19
1
5
6
19
-25
10
0
18
185
1
2
19 1 
19 7 1 
15 
16 14 
vl
19
11
3
6
20
64
75
0
18
193
4
4
19 17 16 14 11 
19 18 17 15 11 
33 30 28 38 
18 32 31 39 
vl
10
4
4
1
1
77
116
68
19
0
2
3
10 9 4 
10 5 3 4 
26 9 
11 3 7 
vl
8
4
4
1
2
58
60
44
19
15
1
2
8 4 
8 7 4 
12 
20 13 
vl
4
2
5
1
3
220
105
85
19
17
2
3
4 3 2 
4 7 1 2 
7 2 
13 14 1 
vl
8
10
1
1
4
60
41
15
19
44
3
3
8 16 14 10 
8 9 5 10 
23 28 27 
22 10 11 
vl
10
2
5
1
5
152
170
128
19
46
3
4
10 9 3 2 
10 5 3 1 2 
26 8 2 
11 3 5 1 
vl
20
12
5
4
16
113
85
239
19
165
4
6
20 15 14 10 12 
20 17 16 9 10 11 12 
36 37 27 42 
35 30 24 26 41 43 
vl
9
12
5
4
17
319
95
49
19
173
3
4
9 14 10 12 
9 5 6 13 12 
25 27 42 
10 4 17 44 
vl
12
11
2
4
18
154
30
0
19
184
1
2
12 11 
12 10 11 
43 
42 41 
vl
11
9
3
4
19
183
63
0
19
185
2
2
11 14 9 
11 10 9 
38 25 
41 26 
