27
1       1         1        19
10    0    0    
2       3         1        19
15    8    16    
3       5         1        19
4    0    0    
4       1         1        19
2    0    0    
1       2         2        19
19    4    17    
2       2         2        19
13    2    5    
3       4         2        19
15    16    0    
4       2         2        19
10    1    18    
1       2         3        19
16    2    7    
2       2         3        19
8    15    11    
3       5         3        19
20    0    0    
4       5         3        19
13    0    0    
1       1         4        19
17    20    0    
2       3         4        19
9    6    3    
3       3         4        19
16    8    12    
4       4         4        19
11    15    0    
1       2         5        19
5    0    0    
2       1         5        19
12    0    0    
3       2         5        19
10    0    0    
4       4         5        19
11    14    4    
1       3         6        19
13    0    0    
2       4         6        19
12    19    0    
3       2         6        19
6    2    15    
4       3         6        19
9    16    14    
1       5         7        19
5    0    0    
2       2         7        19
15    6    0    
3       2         7        19
20    12    9    
