23
1	6	16	5	0
2	6	14	4	0
3	6	3	2	0
4	6	18	3	0
1	10	4	2	0
2	10	8	2	0
3	10	19	5	0
4	10	12	1	0
1	1	3	2	2
2	1	9	2	2
3	1	1	4	2
1	1	12	5	5
2	1	2	4	5
3	1	3	2	5
4	1	1	3	5
1	2	4	5	5
2	2	11	2	5
3	2	9	4	5
4	2	8	1	5
1	4	10	2	5
2	4	20	5	5
3	4	16	2	5
4	4	9	2	5
27
vl
16
14
3
6
23
261
12
0
0
65
1
0
16 14 
0
28 
0
vl
14
18
2
6
24
126
66
0
0
74
3
0
14 16 8 18 
0
28 23 19 
0
vl
3
14
3
6
25
110
78
0
0
87
3
0
3 5 10 14 
0
3 11 27 
0
vl
18
16
1
6
26
35
44
0
0
108
3
0
18 19 17 16 
0
18 33 30 
0
vl
16
3
4
6
27
307
32
0
0
117
2
0
16 9 3 
0
24 8 
0
vl
18
3
5
6
28
-14
190
0
0
143
4
0
18 17 8 9 3 
0
32 21 22 8 
0
vl
4
19
3
10
45
171
18
0
0
271
2
0
4 1 19 
0
6 15 
0
vl
8
4
5
10
46
178
35
0
0
279
1
0
8 4 
0
12 
0
vl
19
12
4
10
47
63
96
0
0
282
3
0
19 20 15 12 
0
34 36 40 
0
vl
19
8
2
10
48
43
50
0
0
291
2
0
19 17 8 
0
33 21 
0
vl
3
1
1
1
1
158
1
0
2
0
1
0
3 1 
0
5 
0
vl
9
3
5
1
2
327
10
0
2
1
1
0
9 3 
0
8 
0
vl
9
1
1
1
3
214
33
0
2
11
3
0
9 4 7 1 
0
9 13 14 
0
vl
12
3
3
1
1
197
151
0
5
0
3
0
12 10 9 3 
0
42 26 8 
0
vl
2
1
3
1
2
365
66
0
5
0
1
0
2 1 
0
1 
0
vl
3
2
5
1
3
302
120
0
5
0
1
0
3 2 
0
2 
0
vl
3
1
2
1
4
297
55
0
5
0
1
0
3 1 
0
5 
0
vl
4
11
2
2
5
329
119
0
5
0
3
0
4 9 10 11 
0
9 26 41 
0
vl
11
9
1
2
6
217
52
0
5
0
2
0
11 14 9 
0
38 25 
0
vl
9
4
1
2
7
102
47
0
5
0
1
0
9 4 
0
9 
0
vl
8
4
3
2
8
339
80
0
5
0
1
0
8 4 
0
12 
0
vl
10
20
3
4
13
339
154
0
5
0
3
0
10 11 15 20 
0
41 39 36 
0
vl
20
16
3
4
14
122
43
0
5
0
2
0
20 17 16 
0
35 30 
0
vl
16
9
5
4
15
504
87
0
5
0
1
0
16 9 
0
24 
0
vl
9
10
5
4
16
345
76
0
5
0
1
0
9 10 
0
26 
0
vl
16
10
3
4
17
199
97
0
5
0
2
0
16 9 10 
0
24 26 
0
vl
9
20
4
4
18
433
228
0
5
0
3
0
9 16 15 20 
0
24 29 36 
0
