30
1    16    15    3    0
2    16    19    4    0
3    16    7    3    0
4    16    8    1    0
1    6    16    1    1
2    6    18    4    1
3    6    5    1    1
4    6    12    5    1
1    6    17    5    3
2    6    5    2    3
3    6    9    4    3
4    6    10    5    3
1    1    3    4    4
2    1    6    5    4
3    1    4    1    4
4    1    10    3    4
1    2    5    2    4
2    2    13    3    4
3    2    9    1    4
1    1    5    2   5
2    1    7    5   5
3    1    17    2   5
4    1    1    5   5
1    3    15    2   5
2    3    9    3   5
3    3    20    1   5
4    3    4    4   5
1    5    18    3   5
2    5    13    3   5
3    5    1    3   5
35
15
19
5
16
62
183
125
0
15 17 19 0
31 33 0
19
8
5
16
63
61
101
0
19 7 8 0
16 20 0
7
15
2
16
64
11
82
0
7 8 17 15 0
20 21 31 0
7
19
4
16
65
62
42
0
7 19 0
16 0
16
12
1
6
22
20
34
1
16 15 12 0
29 40 0
18
12
3
6
23
8
77
1
18 17 15 12 0
32 31 40 0
5
16
1
6
24
11
25
1
5 9 16 0
10 24 0
18
5
1
6
25
56
62
1
18 8 9 5 0
19 22 10 0
16
18
3
6
26
252
57
1
16 17 18 0
30 32 0
5
12
5
6
27
146
63
1
5 10 12 0
11 42 0
17
10
4
6
20
98
148
3
17 16 9 10 0
30 24 26 0
5
10
5
6
21
42
92
3
5 10 0
11 0
9
10
3
6
22
37
49
3
9 10 0
26 0
9
17
2
6
23
117
73
3
9 16 17 0
24 30 0
9
5
4
6
24
36
74
3
9 5 0
10 0
3
6
1
1
1
38
40
4
3 5 6 0
3 4 0
6
10
2
1
2
124
72
4
6 5 10 0
4 11 0
4
6
3
1
3
15
106
4
4 3 5 6 0
7 3 4 0
4
3
1
1
4
28
18
4
4 3 0
7 0
5
13
5
2
5
359
153
4
5 10 12 13 0
11 42 44 0
13
9
5
2
6
300
130
4
13 12 10 9 0
44 42 26 0
9
5
3
2
7
152
28
4
9 5 0
10 0
5
7
1
1
1
20
54
5
5 3 4 7 0
3 7 13 0
7
17
3
1
2
109
93
5
7 18 17 0
17 32 0
17
5
1
1
3
0
49
5
17 16 9 5 0
30 24 10 0
1
5
2
1
4
86
60
5
1 3 5 0
5 3 0
1
17
4
1
5
194
114
5
1 19 17 0
15 33 0
15
4
5
3
9
110
124
5
15 17 8 4 0
31 21 12 0
9
4
3
3
10
127
80
5
9 4 0
9 0
20
15
5
3
11
206
72
5
20 15 0
36 0
4
20
4
3
12
34
121
5
4 1 19 20 0
6 15 34 0
15
9
2
3
13
106
81
5
15 16 9 0
29 24 0
18
1
4
5
20
78
93
5
18 19 1 0
18 15 0
13
1
1
5
21
22
83
5
13 12 15 17 19 1 0
44 40 31 33 15 0
13
18
1
5
22
85
64
5
13 12 15 17 18 0
44 40 31 32 0
