19
1       3         1        5
19    0    0    
2       4         1        5
10    0    0    
3       1         1        5
20    2    0    
4       4         1        5
8    0    0    
1       1         2        5
6    16    1    
2       1         2        5
11    0    0    
3       5         2        5
7    20    4    
4       3         2        5
8    19    17    
1       5         3        5
17    16    3    
2       1         3        5
20    14    0    
3       4         3        5
10    1    0    
1       5         4        5
16    8    0    
2       2         4        5
7    0    0    
3       1         4        5
17    3    0    
4       2         4        5
20    0    0    
1       2         5        5
16    13    8    
2       5         5        5
7    2    0    
3       1         5        5
12    0    0    
4       1         5        5
4    14    18    
