41
1	3	15	1	0
2	3	16	5	0
3	3	5	1	0
1	4	3	2	0
2	4	10	5	0
3	4	16	1	0
4	4	12	2	0
1	6	15	5	0
2	6	3	3	0
3	6	7	5	0
4	6	9	1	0
1	8	14	3	0
2	8	7	5	0
3	8	15	4	0
4	8	8	5	0
1	10	11	3	0
2	10	19	4	0
3	10	9	5	0
4	10	13	2	0
1	13	20	5	0
2	13	17	3	0
3	13	18	4	0
1	19	5	3	0
2	19	12	3	0
3	19	10	5	0
1	1	1	1	1
2	1	6	1	1
3	1	8	1	1
4	1	2	1	1
1	3	12	4	1
2	3	18	2	1
3	3	9	3	1
4	3	4	2	1
1	4	1	1	1
2	4	8	4	1
3	4	17	1	1
4	4	16	4	1
1	5	2	5	1
2	5	19	3	1
3	5	4	5	1
4	5	20	4	1
44
vl
15
16
2
3
12
52
24
0
0
132
1
2
15 16 
15 17 16 
29 
31 30 
vl
16
5
4
3
13
244
80
0
0
133
2
3
16 9 5 
16 14 10 5 
24 10 
28 27 11 
vl
5
15
1
3
14
37
28
0
0
148
3
3
5 10 14 15 
5 9 16 15 
11 27 37 
10 24 29 
vl
3
10
2
4
15
9
52
0
0
163
2
2
3 5 10 
3 9 10 
3 11 
8 26 
vl
10
16
2
4
16
136
48
0
0
181
2
2
10 9 16 
10 14 16 
26 24 
27 28 
vl
16
3
3
4
17
118
60
0
0
199
3
2
16 8 4 3 
16 9 3 
23 12 7 
24 8 
vl
12
10
4
4
18
118
40
0
0
208
1
2
12 10 
12 11 10 
42 
43 41 
vl
12
3
4
4
19
-67
80
0
0
211
3
5
12 10 9 3 
12 15 17 19 1 3 
42 26 8 
40 31 33 15 5 
vl
15
9
3
6
23
-77
84
0
0
256
2
3
15 16 9 
15 14 10 9 
29 24 
37 27 26 
vl
3
7
2
6
24
96
68
0
0
271
2
3
3 1 7 
3 9 8 7 
5 14 
8 22 20 
vl
7
15
1
6
25
41
30
0
0
285
3
3
7 19 17 15 
7 8 16 15 
16 33 31 
20 23 29 
vl
9
3
1
6
26
49
2
0
0
300
1
2
9 3 
9 5 3 
8 
10 3 
vl
14
8
1
8
31
14
12
0
0
368
3
3
14 10 9 8 
14 9 4 8 
27 26 22 
25 9 12 
vl
7
14
2
8
32
29
34
0
0
376
3
3
7 8 16 14 
7 4 9 14 
20 23 28 
13 9 25 
vl
15
14
4
8
33
37
56
0
0
391
1
2
15 14 
15 16 14 
37 
29 28 
vl
8
7
3
8
34
4
3
0
0
392
1
2
8 7 
8 4 7 
20 
12 13 
vl
11
13
3
10
38
34
78
0
0
426
2
5
11 12 13 
11 14 10 5 6 13 
43 44 
38 27 11 4 17 
vl
19
11
2
10
39
-4
58
0
0
451
4
4
19 17 15 14 11 
19 20 15 12 11 
33 31 37 38 
34 36 40 43 
vl
9
11
1
10
40
48
20
0
0
453
2
2
9 14 11 
9 10 11 
25 38 
26 41 
vl
13
9
1
10
41
44
17
0
0
471
3
3
13 6 5 9 
13 12 10 9 
17 4 10 
44 42 26 
vl
9
19
2
10
42
72
44
0
0
488
3
3
9 8 7 19 
9 16 17 19 
22 20 16 
24 30 33 
vl
20
18
4
13
52
77
36
0
0
605
2
2
20 19 18 
20 17 18 
34 18 
35 32 
vl
17
20
4
13
53
151
64
0
0
620
1
2
17 20 
17 19 20 
35 
33 34 
vl
17
18
2
13
54
42
22
0
0
621
1
2
17 18 
17 8 18 
32 
21 19 
vl
5
12
5
19
73
99
115
0
0
794
2
3
5 10 12 
5 6 13 12 
11 42 
4 17 44 
vl
12
10
2
19
74
55
20
0
0
809
1
2
12 10 
12 11 10 
42 
43 41 
vl
5
10
3
19
75
149
39
0
0
810
1
2
5 10 
5 9 10 
11 
10 26 
vl
1
6
2
1
1
163
56
0
1
12
4
6
1 4 3 5 6 
1 19 17 15 12 13 6 
6 7 3 4 
15 33 31 40 44 17 
vl
6
8
1
1
2
28
32
0
1
16
3
5
6 5 9 8 
6 13 12 15 16 8 
4 10 22 
17 44 40 29 23 
vl
8
1
5
1
3
189
100
59
1
34
2
3
8 7 1 
8 17 19 1 
20 14 
21 33 15 
vl
2
1
2
1
4
31
16
34
1
45
1
2
2 1 
2 3 1 
1 
2 5 
vl
2
6
2
1
5
-50
72
88
1
47
5
6
2 1 4 3 5 6 
2 3 9 10 12 13 6 
1 6 7 3 4 
2 8 26 42 44 17 
vl
12
4
5
3
10
-118
235
85
1
54
4
4
12 11 14 9 4 
12 15 16 8 4 
43 38 25 9 
40 29 23 12 
vl
18
9
2
3
11
135
28
10
1
65
2
4
18 8 9 
18 17 16 14 9 
19 22 
32 30 28 25 
vl
9
4
2
3
12
56
24
12
1
78
1
2
9 4 
9 3 4 
9 
8 7 
vl
18
4
3
3
13
118
42
3
1
81
2
4
18 8 4 
18 17 19 1 4 
19 12 
32 33 15 6 
vl
1
16
1
4
14
91
24
0
1
95
3
3
1 4 8 16 
1 19 17 16 
6 12 23 
15 33 30 
vl
8
16
3
4
15
104
36
65
1
109
1
2
8 16 
8 9 16 
23 
22 24 
vl
17
1
5
4
16
159
135
12
1
113
3
2
17 8 4 1 
17 19 1 
21 12 6 
33 15 
vl
17
16
3
4
17
24
12
39
1
125
1
2
17 16 
17 8 16 
30 
21 23 
vl
2
19
3
5
18
12
102
51
1
129
3
3
2 1 7 19 
2 3 1 19 
1 14 16 
2 5 15 
vl
19
4
5
5
19
158
60
65
1
141
2
2
19 1 4 
19 7 4 
15 6 
16 13 
vl
4
2
3
5
20
59
27
63
1
160
2
3
4 1 2 
4 9 3 2 
6 1 
9 8 2 
vl
20
2
4
5
21
63
124
138
1
171
3
5
20 19 1 2 
20 15 16 9 3 2 
34 15 1 
36 29 24 8 2 
