30
1    2    10    2    0
2    2    3    5    0
3    2    4    5    0
1    3    5    4    0
2    3    9    3    0
3    3    11    4    0
4    3    17    3    0
1    16    15    3    0
2    16    19    4    0
3    16    7    3    0
4    16    8    1    0
1    18    6    3    0
2    18    1    5    0
3    18    2    3    0
1    20    14    4    0
2    20    12    3    0
3    20    6    3    0
4    20    2    1    0
1    1    20    4   1
2    1    2    3   1
3    1    9    1   1
4    1    16    1   1
1    2    11    2   1
2    2    15    5   1
3    2    10    4   1
4    2    8    3   1
1    6    16    1   1
2    6    18    4   1
3    6    5    1   1
4    6    12    5   1
35
10
3
3
2
7
149
58
0
10 9 3 0
26 8 0
3
4
2
2
8
82
54
0
3 4 0
7 0
10
4
1
2
9
22
33
0
10 9 4 0
26 9 0
5
9
4
3
10
291
104
0
5 9 0
10 0
9
11
1
3
11
103
50
0
9 14 11 0
25 38 0
11
5
1
3
12
88
48
0
11 10 5 0
41 11 0
17
5
3
3
13
93
167
0
17 16 9 5 0
30 24 10 0
15
19
5
16
62
175
133
0
15 17 19 0
31 33 0
19
8
5
16
63
57
105
0
19 7 8 0
16 20 0
7
15
2
16
64
6
87
0
7 8 17 15 0
20 21 31 0
7
19
4
16
65
57
47
0
7 19 0
16 0
6
2
2
18
70
100
42
0
6 5 3 2 0
4 3 2 0
1
6
2
18
71
36
79
0
1 3 5 6 0
5 3 4 0
2
1
5
18
72
50
103
0
2 1 0
1 0
14
2
1
20
76
55
46
0
14 9 3 2 0
25 8 2 0
12
2
5
20
77
148
102
0
12 10 5 3 2 0
42 11 3 2 0
6
12
4
20
78
140
85
0
6 5 10 12 0
4 11 42 0
12
14
1
20
79
51
42
0
12 15 14 0
40 37 0
2
6
5
20
80
357
94
0
2 3 5 6 0
2 3 4 0
6
14
5
20
81
248
138
0
6 5 10 14 0
4 11 27 0
20
9
4
1
1
-21
141
1
20 15 16 9 0
36 29 24 0
2
9
5
1
2
349
71
1
2 3 9 0
2 8 0
9
16
5
1
3
300
61
1
9 16 0
24 0
16
2
2
1
4
29
64
1
16 9 3 2 0
24 8 2 0
11
8
3
2
5
-53
128
1
11 14 9 8 0
38 25 22 0
15
10
3
2
6
100
49
1
15 12 10 0
40 42 0
10
11
2
2
7
133
58
1
10 11 0
41 0
10
8
1
2
8
44
52
1
10 9 8 0
26 22 0
8
15
3
2
9
-19
101
1
8 16 15 0
23 29 0
16
12
1
6
22
20
34
1
16 15 12 0
29 40 0
18
12
3
6
23
8
77
1
18 17 15 12 0
32 31 40 0
5
16
1
6
24
11
25
1
5 9 16 0
10 24 0
18
5
1
6
25
56
62
1
18 8 9 5 0
19 22 10 0
16
18
3
6
26
252
57
1
16 17 18 0
30 32 0
5
12
5
6
27
146
63
1
5 10 12 0
11 42 0
