31
1       3         1        1
9    0    0    
2       5         1        1
5    6    0    
3       3         1        1
15    14    0    
4       2         1        1
10    4    0    
1       1         2        1
16    7    10    
2       2         2        1
2    0    0    
3       4         2        1
18    1    6    
4       5         2        1
11    0    0    
1       2         3        1
19    6    0    
2       4         3        1
17    1    0    
3       2         3        1
5    0    0    
4       2         3        1
20    4    8    
1       5         4        1
10    0    0    
2       3         4        1
20    0    0    
3       2         4        1
6    14    19    
4       2         4        1
15    11    7    
1       5         5        1
9    0    0    
2       2         5        1
6    20    0    
3       3         5        1
17    0    0    
1       5         6        1
3    0    0    
2       2         6        1
6    0    0    
3       2         6        1
18    5    0    
4       3         6        1
7    16    0    
1       1         7        1
6    8    0    
2       4         7        1
18    5    0    
3       1         7        1
16    13    0    
4       5         7        1
10    0    0    
1       1         8        1
16    0    0    
2       3         8        1
2    9    0    
3       2         8        1
20    0    0    
4       4         8        1
15    18    0    
