1
33
15
18
1         2         7        3       207      2     0
2         3         8        2       136      2     0
1         3         9        1       55      2     0
1         2         47        3       171      12     0
2         3         48        4       371      12     0
1         3         49        4       271      12     0
1         2         57        2       88      15     0
2         4         58        3       280      15     0
3         2         59        2       215      15     0
1         4         60        1       91      15     0
3         1         61        1       38      15     0
1         2         62        5       308      16     0
2         4         63        5       162      16     0
3         1         64        2       93      16     0
3         2         65        4       104      16     0
1         3         1        4       153      1     1
2         3         2        5       238      1     1
3         4         3        1       55      1     1
2         4         4        1       32      1     1
1         3         5        4       302      2     1
2         1         6        5       828      2     1
3         4         7        2       197      2     1
4         2         8        2       292      2     1
1         3         9        4       393      3     1
2         4         10        4       282      3     1
3         4         11        1       100      3     1
4         1         12        2       244      3     1
1         4         13        4       283      4     1
2         3         14        3       137      4     1
3         4         15        5       650      4     1
2         4         16        3       237      4     1
1         3         17        4       397      4     1
1         2         18        5       234      4     1
