27
1    2    7    1    1
2    2    2    2    1
3    2    1    4    1
4    2    11    5    1
1    3    6    2    1
2    3    1    4    1
3    3    5    2    1
4    3    4    2    1
1    4    10    5    1
2    4    20    3    1
3    4    14    2    1
4    4    11    2    1
1    5    9    5    1
2    5    20    2    1
3    5    17    3    1
1    6    3    5    1
2    6    6    2    1
3    6    5    2    1
4    6    16    3    1
1    7    6    1    1
2    7    5    4    1
3    7    13    1    1
4    7    10    5    1
1    8    16    1    1
2    8    2    3    1
3    8    20    2    1
4    8    18    4    1
