1
39
20
19
1         2         7        3       207      2     0
2         3         8        2       136      2     0
1         3         9        1       55      2     0
1         2         10        4       395      3     0
2         3         11        1       153      3     0
3         1         12        1       136      3     0
4         1         13        3       260      3     0
1         2         62        5       308      16     0
2         4         63        5       162      16     0
3         1         64        2       93      16     0
3         2         65        4       104      16     0
1         3         70        2       142      18     0
2         1         71        2       115      18     0
3         2         72        5       153      18     0
1         4         76        1       101      20     0
2         4         77        5       250      20     0
3         2         78        4       225      20     0
2         1         79        1       93      20     0
4         3         80        5       451      20     0
3         1         81        5       386      20     0
1         3         1        4       120      1     1
2         3         2        5       420      1     1
3         4         3        5       361      1     1
4         2         4        2       93      1     1
1         4         5        3       75      2     1
2         3         6        3       149      2     1
3         1         7        2       191      2     1
3         4         8        1       96      2     1
4         2         9        3       82      2     1
1         4         18        3       141      5     1
2         1         19        3       321      5     1
3         2         20        3       145      5     1
4         2         21        5       206      5     1
1         4         22        1       54      6     1
2         4         23        3       85      6     1
3         1         24        1       36      6     1
2         3         25        1       118      6     1
1         2         26        3       309      6     1
3         4         27        5       209      6     1
