39
1	3	15	1	0
2	3	16	5	0
3	3	5	1	0
1	4	3	2	0
2	4	10	5	0
3	4	16	1	0
4	4	12	2	0
1	5	10	3	0
2	5	13	3	0
3	5	11	3	0
1	6	15	5	0
2	6	3	3	0
3	6	7	5	0
4	6	9	1	0
1	8	14	3	0
2	8	7	5	0
3	8	15	4	0
4	8	8	5	0
1	10	11	3	0
2	10	19	4	0
3	10	9	5	0
4	10	13	2	0
1	13	20	5	0
2	13	17	3	0
3	13	18	4	0
1	14	7	2	0
2	14	8	5	0
3	14	14	4	0
4	14	3	1	0
1	15	3	4	0
2	15	1	4	0
3	15	19	1	0
4	15	18	3	0
1	17	15	1	0
2	17	16	4	0
3	17	11	5	0
1	19	5	3	0
2	19	12	3	0
3	19	10	5	0
42
vl
15
16
2
3
12
52
24
56
0
132
1
2
15 16 
15 17 16 
29 
31 30 
vl
16
5
4
3
13
244
80
76
0
133
2
3
16 9 5 
16 14 10 5 
24 10 
28 27 11 
vl
5
15
1
3
14
37
28
32
0
148
3
3
5 10 14 15 
5 9 16 15 
11 27 37 
10 24 29 
vl
3
10
2
4
15
9
52
20
0
163
2
2
3 5 10 
3 9 10 
3 11 
8 26 
vl
10
16
2
4
16
136
48
12
0
181
2
2
10 9 16 
10 14 16 
26 24 
27 28 
vl
16
3
3
4
17
118
60
54
0
199
3
2
16 8 4 3 
16 9 3 
23 12 7 
24 8 
vl
12
10
4
4
18
118
40
52
0
208
1
2
12 10 
12 11 10 
42 
43 41 
vl
12
3
4
4
19
-67
80
140
0
211
3
5
12 10 9 3 
12 15 17 19 1 3 
42 26 8 
40 31 33 15 5 
vl
10
11
3
5
20
107
18
12
0
224
1
2
10 11 
10 14 11 
41 
27 38 
vl
13
11
5
5
21
325
130
185
0
227
2
5
13 12 11 
13 6 5 9 14 11 
44 43 
17 4 10 25 38 
vl
10
13
1
5
22
95
29
26
0
240
2
3
10 12 13 
10 5 6 13 
42 44 
11 4 17 
vl
15
9
3
6
23
-77
84
69
0
256
2
3
15 16 9 
15 14 10 9 
29 24 
37 27 26 
vl
3
7
2
6
24
96
68
12
0
271
2
3
3 1 7 
3 9 8 7 
5 14 
8 22 20 
vl
7
15
1
6
25
41
30
24
0
285
3
3
7 19 17 15 
7 8 16 15 
16 33 31 
20 23 29 
vl
9
3
1
6
26
49
2
17
0
300
1
2
9 3 
9 5 3 
8 
10 3 
vl
14
8
1
8
31
14
12
31
0
368
3
3
14 10 9 8 
14 9 4 8 
27 26 22 
25 9 12 
vl
7
14
2
8
32
29
34
88
0
376
3
3
7 8 16 14 
7 4 9 14 
20 23 28 
13 9 25 
vl
15
14
4
8
33
37
56
68
0
391
1
2
15 14 
15 16 14 
37 
29 28 
vl
8
7
3
8
34
4
3
45
0
392
1
2
8 7 
8 4 7 
20 
12 13 
vl
11
13
3
10
38
34
78
90
0
426
2
5
11 12 13 
11 14 10 5 6 13 
43 44 
38 27 11 4 17 
vl
19
11
2
10
39
-4
58
66
0
451
4
4
19 17 15 14 11 
19 20 15 12 11 
33 31 37 38 
34 36 40 43 
vl
9
11
1
10
40
48
20
14
0
453
2
2
9 14 11 
9 10 11 
25 38 
26 41 
vl
13
9
1
10
41
44
17
37
0
471
3
3
13 6 5 9 
13 12 10 9 
17 4 10 
44 42 26 
vl
9
19
2
10
42
72
44
68
0
488
3
3
9 8 7 19 
9 16 17 19 
22 20 16 
24 30 33 
vl
20
18
4
13
52
77
36
108
0
605
2
2
20 19 18 
20 17 18 
34 18 
35 32 
vl
17
20
4
13
53
151
64
16
0
620
1
2
17 20 
17 19 20 
35 
33 34 
vl
17
18
2
13
54
42
22
60
0
621
1
2
17 18 
17 8 18 
32 
21 19 
vl
7
14
4
14
55
-11
68
140
0
623
3
4
7 8 16 14 
7 4 8 9 14 
20 23 28 
13 12 22 25 
vl
8
3
2
14
56
24
10
18
0
640
2
2
8 9 3 
8 4 3 
22 8 
12 7 
vl
14
8
3
14
57
140
36
48
0
658
3
2
14 10 9 8 
14 16 8 
27 26 22 
28 23 
vl
7
3
1
14
58
20
22
6
0
671
2
3
7 4 3 
7 8 9 3 
13 7 
20 22 8 
vl
3
18
5
15
59
11
110
105
0
685
3
3
3 1 19 18 
3 9 8 18 
5 15 18 
8 22 19 
vl
1
3
3
15
60
87
45
75
0
697
1
2
1 3 
1 2 3 
5 
1 2 
vl
19
1
5
15
61
-148
5
185
0
698
1
2
19 1 
19 7 1 
15 
16 14 
vl
18
1
5
15
62
225
35
140
0
700
2
3
18 19 1 
18 8 4 1 
18 15 
19 12 6 
vl
19
18
4
15
63
127
24
48
0
714
1
2
19 18 
19 17 18 
18 
33 32 
vl
15
16
5
17
67
-38
60
140
0
746
1
2
15 16 
15 17 16 
29 
31 30 
vl
16
11
1
17
68
15
8
26
0
752
2
3
16 14 11 
16 15 12 11 
28 38 
29 40 43 
vl
11
15
3
17
69
51
51
51
0
762
1
2
11 15 
11 14 15 
39 
38 37 
vl
5
12
5
19
73
99
115
160
0
794
2
3
5 10 12 
5 6 13 12 
11 42 
4 17 44 
vl
12
10
2
19
74
55
20
26
0
809
1
2
12 10 
12 11 10 
42 
43 41 
vl
5
10
3
19
75
149
39
36
0
810
1
2
5 10 
5 9 10 
11 
10 26 
