7
1	4	18	3	0
2	4	20	3	0
3	4	10	5	0
4	4	4	1	0
1	15	1	4	0
2	15	11	2	0
3	15	9	2	0
8
vl
18
20
4
4
14
27
28
132
0
34
2
2
18 17 20 
18 19 20 
32 35 
18 34 
vl
20
4
5
4
15
666
115
45
0
52
3
4
20 17 8 4 
20 15 14 9 4 
35 21 12 
36 37 25 9 
vl
10
18
5
4
16
-92
200
180
0
71
4
4
10 14 16 8 18 
10 9 8 17 18 
27 28 23 19 
26 22 21 32 
vl
18
4
3
4
17
-55
63
102
0
83
2
3
18 8 4 
18 19 7 4 
19 12 
18 16 13 
vl
4
10
4
4
18
237
112
48
0
108
3
3
4 3 9 10 
4 9 14 10 
7 8 26 
9 25 27 
vl
1
9
3
15
64
83
57
12
0
538
2
2
1 3 9 
1 4 9 
5 8 
6 9 
vl
11
1
5
15
65
25
205
125
0
555
4
4
11 15 17 19 1 
11 10 9 4 1 
39 31 33 15 
41 26 9 6 
vl
11
9
3
15
66
-16
63
45
0
576
2
3
11 10 9 
11 15 14 9 
41 26 
39 37 25 
