58
1	1	4	2	0
2	1	19	4	0
3	1	9	3	0
4	1	7	3	0
1	2	4	4	0
2	2	9	5	0
3	2	18	2	0
4	2	1	5	0
1	3	10	2	0
2	3	3	3	0
3	3	16	3	0
4	3	2	5	0
1	4	8	3	0
2	4	20	4	0
3	4	17	2	0
4	4	11	4	0
1	5	19	2	0
2	5	15	4	0
3	5	4	5	0
1	6	20	3	0
2	6	4	5	0
3	6	14	3	0
4	6	8	2	0
1	8	10	5	0
2	8	14	5	0
3	8	7	1	0
4	8	11	5	0
1	9	13	4	0
2	9	15	4	0
3	9	12	4	0
4	9	17	2	0
1	11	10	2	0
2	11	5	2	0
3	11	16	5	0
4	11	2	3	0
1	13	18	4	0
2	13	16	5	0
3	13	9	1	0
4	13	15	2	0
1	14	4	1	0
2	14	1	1	0
3	14	18	5	0
1	15	19	5	0
2	15	12	2	0
3	15	3	4	0
4	15	16	5	0
1	16	14	5	0
2	16	15	3	0
3	16	10	1	0
4	16	6	2	0
1	17	5	2	0
2	17	6	3	0
3	17	11	3	0
4	17	12	1	0
1	19	17	2	0
2	19	20	3	0
3	19	19	1	0
4	19	1	4	0
66
vl
4
19
1
1
1
136
62
0
0
0
2
0
4 1 19 
0 
6 15 

vl
19
7
5
1
2
569
79
0
0
0
1
0
19 7 
0 
16 

vl
9
4
2
1
3
193
41
0
0
0
1
0
9 4 
0 
9 

vl
7
4
1
1
4
163
26
0
0
0
1
0
7 4 
0 
13 

vl
4
9
4
2
5
359
77
0
0
0
1
0
4 9 
0 
9 

vl
9
18
4
2
6
467
123
0
0
0
2
0
9 8 18 
0 
22 19 

vl
18
4
5
2
7
413
81
0
0
0
2
0
18 8 4 
0 
19 12 

vl
1
9
5
2
8
467
190
0
0
0
2
0
1 3 9 
0 
5 8 

vl
10
2
5
3
9
369
150
0
0
0
3
0
10 9 3 2 
0 
26 8 2 

vl
3
2
2
3
10
193
39
0
0
0
1
0
3 2 
0 
2 

vl
16
10
4
3
11
205
54
0
0
0
2
0
16 9 10 
0 
24 26 

vl
2
16
1
3
12
179
50
0
0
0
3
0
2 3 9 16 
0 
2 8 24 

vl
16
3
1
3
13
120
43
0
0
0
2
0
16 9 3 
0 
24 8 

vl
8
20
5
4
14
508
31
0
0
0
2
0
8 17 20 
0 
21 35 

vl
20
11
3
4
15
221
90
0
0
0
2
0
20 15 11 
0 
36 39 

vl
17
11
2
4
16
78
88
0
0
0
2
0
17 15 11 
0 
31 39 

vl
8
17
5
4
17
354
16
0
0
0
1
0
8 17 
0 
21 

vl
17
20
4
4
18
551
28
0
0
0
1
0
17 20 
0 
35 

vl
19
15
3
5
19
279
113
0
0
0
2
0
19 17 15 
0 
33 31 

vl
15
4
5
5
20
322
186
0
0
0
3
0
15 14 9 4 
0 
37 25 9 

vl
4
19
4
5
21
297
163
0
0
0
2
0
4 1 19 
0 
6 15 

vl
20
14
5
6
22
253
102
0
0
0
2
0
20 15 14 
0 
36 37 

vl
4
8
1
6
23
44
28
0
0
0
1
0
4 8 
0 
12 

vl
14
4
5
6
24
720
116
0
0
0
2
0
14 9 4 
0 
25 9 

vl
20
8
1
6
25
185
12
0
0
0
2
0
20 17 8 
0 
35 21 

vl
10
11
4
8
30
117
38
0
0
0
1
0
10 11 
0 
41 

vl
14
7
1
8
31
87
37
0
0
0
3
0
14 9 4 7 
0 
25 9 13 

vl
7
11
1
8
32
121
32
0
0
0
4
0
7 4 9 10 11 
0 
13 9 26 41 

vl
14
11
2
8
33
128
19
0
0
0
1
0
14 11 
0 
38 

vl
10
7
3
8
34
351
124
0
0
0
3
0
10 9 8 7 
0 
26 22 20 

vl
10
14
3
8
35
325
44
0
0
0
1
0
10 14 
0 
27 

vl
13
12
1
9
36
130
20
0
0
0
1
0
13 12 
0 
44 

vl
15
12
4
9
37
458
104
0
0
0
1
0
15 12 
0 
40 

vl
12
17
3
9
38
143
130
0
0
0
2
0
12 15 17 
0 
40 31 

vl
17
15
3
9
39
376
78
0
0
0
1
0
17 15 
0 
31 

vl
10
2
1
11
44
29
46
0
0
0
3
0
10 9 3 2 
0 
26 8 2 

vl
5
2
2
11
45
214
48
0
0
0
2
0
5 3 2 
0 
3 2 

vl
16
5
5
11
46
481
32
0
0
0
2
0
16 9 5 
0 
24 10 

vl
2
16
5
11
47
362
122
0
0
0
3
0
2 3 9 16 
0 
2 8 24 

vl
10
16
3
11
48
169
60
0
0
0
2
0
10 14 16 
0 
27 28 

vl
10
5
3
11
49
271
72
0
0
0
1
0
10 5 
0 
11 

vl
18
9
2
13
55
201
63
0
0
0
2
0
18 8 9 
0 
19 22 

vl
16
18
5
13
56
667
97
0
0
0
2
0
16 17 18 
0 
30 32 

vl
9
15
4
13
57
406
97
0
0
0
2
0
9 14 15 
0 
25 37 

vl
15
18
3
13
58
331
83
0
0
0
2
0
15 17 18 
0 
31 32 

vl
4
1
5
14
59
697
108
0
0
0
1
0
4 1 
0 
6 

vl
1
18
5
14
60
803
123
0
0
0
2
0
1 19 18 
0 
15 18 

vl
4
18
1
14
61
55
31
0
0
0
2
0
4 8 18 
0 
12 19 

vl
19
16
3
15
62
105
108
0
0
0
2
0
19 17 16 
0 
33 30 

vl
12
3
2
15
63
5
106
0
0
0
3
0
12 10 9 3 
0 
42 26 8 

vl
3
19
1
15
64
202
72
0
0
0
2
0
3 1 19 
0 
5 15 

vl
16
12
3
15
65
249
114
0
0
0
2
0
16 15 12 
0 
29 40 

vl
14
10
5
16
66
110
30
0
0
0
1
0
14 10 
0 
27 

vl
15
14
3
16
67
203
58
0
0
0
1
0
15 14 
0 
37 

vl
10
6
1
16
68
75
49
0
0
0
2
0
10 5 6 
0 
11 4 

vl
15
10
4
16
69
318
173
0
0
0
2
0
15 12 10 
0 
40 42 

vl
15
6
5
16
70
412
186
0
0
0
3
0
15 12 13 6 
0 
40 44 17 

vl
5
11
2
17
71
323
49
0
0
0
2
0
5 10 11 
0 
11 41 

vl
6
5
1
17
72
99
28
0
0
0
1
0
6 5 
0 
4 

vl
11
6
5
17
73
397
84
0
0
0
3
0
11 12 13 6 
0 
43 44 17 

vl
12
6
4
17
74
578
64
0
0
0
2
0
12 13 6 
0 
44 17 

vl
17
20
4
19
79
235
26
0
0
0
1
0
17 20 
0 
35 

vl
20
19
4
19
80
327
63
0
0
0
1
0
20 19 
0 
34 

vl
19
17
2
19
81
199
35
0
0
0
1
0
19 17 
0 
33 

vl
1
19
2
19
82
288
41
0
0
0
1
0
1 19 
0 
15 

vl
1
20
4
19
83
342
118
0
0
0
2
0
1 19 20 
0 
15 34 

