41
1	1	4	4	0
2	1	6	5	0
3	1	3	1	0
1	4	18	3	0
2	4	20	3	0
3	4	10	5	0
4	4	4	1	0
1	6	16	5	0
2	6	14	4	0
3	6	3	2	0
4	6	18	3	0
1	7	17	3	0
2	7	2	2	0
3	7	3	5	0
4	7	12	3	0
1	8	9	5	0
2	8	19	2	0
3	8	14	4	0
4	8	6	3	0
1	9	19	1	0
2	9	20	4	0
3	9	7	4	0
4	9	11	3	0
1	10	4	2	0
2	10	8	2	0
3	10	19	5	0
4	10	12	1	0
1	11	17	4	0
2	11	15	5	0
3	11	8	4	0
4	11	13	4	0
1	12	13	4	0
2	12	10	2	0
3	12	11	3	0
1	15	1	4	0
2	15	11	2	0
3	15	9	2	0
1	18	1	3	0
2	18	5	4	0
3	18	7	1	0
4	18	2	3	0
49
vl
4
3
1
1
1
144
36
0
0
0
1
0
4 3 
0
7 
0
vl
6
4
5
1
2
216
226
0
0
0
3
0
6 5 9 4 
0
4 10 9 
0
vl
3
6
3
1
3
202
88
0
0
0
2
0
3 5 6 
0
3 4 
0
vl
18
20
4
4
14
141
46
0
0
0
2
0
18 17 20 
0
32 35 
0
vl
20
4
5
4
15
695
131
0
0
0
3
0
20 17 8 4 
0
35 21 12 
0
vl
10
18
5
4
16
102
186
0
0
0
3
0
10 9 8 18 
0
26 22 19 
0
vl
18
4
3
4
17
37
73
0
0
0
2
0
18 8 4 
0
19 12 
0
vl
4
10
4
4
18
354
43
0
0
0
2
0
4 9 10 
0
9 26 
0
vl
16
14
3
6
23
258
30
0
0
0
1
0
16 14 
0
28 
0
vl
14
18
2
6
24
136
78
0
0
0
3
0
14 9 8 18 
0
25 22 19 
0
vl
3
14
3
6
25
175
49
0
0
0
2
0
3 9 14 
0
8 25 
0
vl
18
16
1
6
26
57
45
0
0
0
2
0
18 8 16 
0
19 23 
0
vl
16
3
4
6
27
409
50
0
0
0
2
0
16 9 3 
0
24 8 
0
vl
18
3
5
6
28
207
159
0
0
0
3
0
18 19 1 3 
0
18 15 5 
0
vl
17
12
4
7
29
139
81
0
0
0
2
0
17 15 12 
0
31 40 
0
vl
2
3
2
7
30
63
54
0
0
0
1
0
2 3 
0
2 
0
vl
3
12
1
7
31
40
51
0
0
0
3
0
3 5 10 12 
0
3 11 42 
0
vl
12
2
5
7
32
-39
207
0
0
0
4
0
12 10 5 3 2 
0
42 11 3 2 
0
vl
17
2
1
7
33
48
37
0
0
0
3
0
17 19 1 2 
0
33 15 1 
0
vl
9
6
3
8
34
211
128
0
0
0
2
0
9 5 6 
0
10 4 
0
vl
19
6
3
8
35
133
129
0
0
0
4
0
19 1 3 5 6 
0
15 5 3 4 
0
vl
14
6
3
8
36
138
146
0
0
0
3
0
14 10 5 6 
0
27 11 4 
0
vl
19
9
3
8
37
150
77
0
0
0
3
0
19 1 3 9 
0
15 5 8 
0
vl
9
14
2
8
38
252
21
0
0
0
1
0
9 14 
0
25 
0
vl
14
19
4
8
39
398
106
0
0
0
3
0
14 15 20 19 
0
37 36 34 
0
vl
19
7
3
9
40
149
49
0
0
0
1
0
19 7 
0
16 
0
vl
20
7
3
9
41
168
119
0
0
0
2
0
20 19 7 
0
34 16 
0
vl
7
11
1
9
42
34
63
0
0
0
4
0
7 4 9 10 11 
0
13 9 26 41 
0
vl
19
11
2
9
43
77
94
0
0
0
3
0
19 17 15 11 
0
33 31 39 
0
vl
20
11
5
9
44
267
96
0
0
0
2
0
20 15 11 
0
36 39 
0
vl
4
19
3
10
45
208
41
0
0
0
2
0
4 1 19 
0
6 15 
0
vl
8
4
5
10
46
230
53
0
0
0
1
0
8 4 
0
12 
0
vl
19
12
4
10
47
94
137
0
0
0
3
0
19 17 15 12 
0
33 31 40 
0
vl
19
8
2
10
48
68
53
0
0
0
2
0
19 7 8 
0
16 20 
0
vl
17
15
4
11
49
323
83
0
0
0
1
0
17 15 
0
31 
0
vl
15
8
5
11
50
242
165
0
0
0
2
0
15 16 8 
0
29 23 
0
vl
8
17
4
11
51
234
76
0
0
0
1
0
8 17 
0
21 
0
vl
13
8
1
11
52
119
70
0
0
0
4
0
13 12 15 16 8 
0
44 40 29 23 
0
vl
15
13
1
11
53
33
39
0
0
0
2
0
15 12 13 
0
40 44 
0
vl
13
11
5
12
54
476
106
0
0
0
2
0
13 12 11 
0
44 43 
0
vl
10
13
3
12
55
282
58
0
0
0
2
0
10 12 13 
0
42 44 
0
vl
11
10
2
12
56
89
53
0
0
0
1
0
11 10 
0
41 
0
vl
1
9
3
15
64
77
75
0
0
0
2
0
1 3 9 
0
5 8 
0
vl
11
1
5
15
65
124
231
0
0
0
4
0
11 15 17 19 1 
0
39 31 33 15 
0
vl
11
9
3
15
66
11
81
0
0
0
2
0
11 14 9 
0
38 25 
0
vl
1
5
1
18
74
95
35
0
0
0
2
0
1 3 5 
0
5 3 
0
vl
5
7
2
18
75
135
70
0
0
0
3
0
5 9 4 7 
0
10 9 13 
0
vl
7
2
5
18
76
65
118
0
0
0
2
0
7 1 2 
0
14 1 
0
vl
2
1
3
18
77
199
60
0
0
0
1
0
2 1 
0
1 
0
