20
1       4       5        0
2       4       6        0
3       3       3        0
4       4       5        0
5       3       3        0
6       4       4        0
7       4       4        0
8       4       4        0
9       3       3        0
10       4       5        0
11       4       4        0
12       4       5        0
13       3       3        0
14       4       4        0
15       4       5        0
16       3       3        0
17       3       3        0
18       3       3        0
19       3       3        0
20       3       3        0
