73
1       2         1     0
4    0    0    
2       4         1     0
9    11    0    
3       4         1     0
19    0    0    
4       5         1     0
7    15    0    
1       2         2     0
10    16    0    
2       5         2     0
18    3    0    
3       5         2     0
12    4    0    
1       4         3     0
5    0    0    
2       3         3     0
9    2    13    
3       4         3     0
1    11    15    
4       3         3     0
17    16    4    
1       2         4     0
19    0    0    
2       2         4     0
17    12    0    
3       4         4     0
3    20    15    
4       2         4     0
9    4    13    
1       5         5     0
13    4    0    
2       1         5     0
19    11    20    
3       3         5     0
16    0    0    
1       3         6     0
2    0    0    
2       5         6     0
8    0    0    
3       3         6     0
3    0    0    
4       4         6     0
11    6    19    
1       5         7     0
9    8    0    
2       4         7     0
5    14    0    
3       4         7     0
7    10    0    
1       4         8     0
6    5    8    
2       2         8     0
15    11    0    
3       5         8     0
7    9    18    
4       4         8     0
4    16    2    
1       4         9     0
12    0    0    
2       5         9     0
6    7    16    
3       5         9     0
14    3    0    
4       3         9     0
10    8    17    
1       5         10     0
13    0    0    
2       2         10     0
1    18    2    
3       1         10     0
4    19    5    
4       3         10     0
7    16    0    
1       2         11     0
8    0    0    
2       4         11     0
4    16    0    
3       5         11     0
15    17    0    
4       5         11     0
13    12    0    
1       4         12     0
13    15    6    
2       4         12     0
4    18    0    
3       4         12     0
19    0    0    
1       2         13     0
2    17    0    
2       4         13     0
9    19    20    
3       1         13     0
15    12    11    
1       2         14     0
4    0    0    
2       5         14     0
19    14    5    
3       2         14     0
9    11    0    
4       2         14     0
3    0    0    
1       3         15     0
20    3    0    
2       2         15     0
2    0    0    
3       2         15     0
17    14    0    
4       2         15     0
8    0    0    
1       3         16     0
15    16    0    
2       4         16     0
4    19    0    
3       3         16     0
7    0    0    
4       1         16     0
8    2    3    
1       3         17     0
2    19    12    
2       5         17     0
17    16    0    
3       5         17     0
3    10    14    
4       2         17     0
4    11    20    
1       3         18     0
6    17    0    
2       5         18     0
3    1    20    
3       3         18     0
16    2    11    
1       1         19     0
7    11    17    
2       4         19     0
20    0    0    
3       2         19     0
16    6    19    
1       4         20     0
4    14    10    
2       3         20     0
12    0    0    
3       3         20     0
6    0    0    
4       1         20     0
2    18    8    
