41
1    1    4    4    0
2    1    6    5    0
3    1    3    1    0
1    4    18    3    0
2    4    20    3    0
3    4    10    5    0
4    4    4    1    0
1    6    16    5    0
2    6    14    4    0
3    6    3    2    0
4    6    18    3    0
1    7    17    3    0
2    7    2    2    0
3    7    3    5    0
4    7    12    3    0
1    8    9    5    0
2    8    19    2    0
3    8    14    4    0
4    8    6    3    0
1    9    19    1    0
2    9    20    4    0
3    9    7    4    0
4    9    11    3    0
1    10    4    2    0
2    10    8    2    0
3    10    19    5    0
4    10    12    1    0
1    11    17    4    0
2    11    15    5    0
3    11    8    4    0
4    11    13    4    0
1    12    13    4    0
2    12    10    2    0
3    12    11    3    0
1    15    1    4    0
2    15    11    2    0
3    15    9    2    0
1    18    1    3    0
2    18    5    4    0
3    18    7    1    0
4    18    2    3    0
