32
1	2	10	2	0
2	2	3	5	0
3	2	4	5	0
1	3	5	4	0
2	3	9	3	0
3	3	11	4	0
4	3	17	3	0
1	7	9	5	0
2	7	5	4	0
3	7	7	4	0
1	10	13	5	0
2	10	1	2	0
3	10	4	1	0
4	10	16	3	0
1	12	15	4	0
2	12	18	4	0
3	12	19	4	0
1	15	3	3	0
2	15	2	2	0
3	15	14	2	0
4	15	8	2	0
1	16	15	3	0
2	16	19	4	0
3	16	7	3	0
4	16	8	1	0
1	19	17	1	0
2	19	20	4	0
3	19	6	2	0
1	20	14	4	0
2	20	12	3	0
3	20	6	3	0
4	20	2	1	0
36
vl
10
3
3
2
7
129
78
0
0
2
2
10 9 3 
10 5 3 
26 8 
11 3 
vl
3
4
2
2
8
70
66
0
16
1
2
3 4 
3 9 4 
7 
8 9 
vl
10
4
1
2
9
16
39
0
17
2
3
10 9 4 
10 5 3 4 
26 9 
11 3 7 
vl
5
9
4
3
10
287
108
0
30
1
2
5 9 
5 10 9 
10 
11 26 
vl
9
11
1
3
11
115
38
0
31
2
3
9 14 11 
9 10 12 11 
25 38 
26 42 43 
vl
11
5
1
3
12
97
39
0
45
2
4
11 10 5 
11 12 13 6 5 
41 11 
43 44 17 4 
vl
17
5
3
3
13
50
210
0
65
4
4
17 16 9 3 5 
17 15 14 10 5 
30 24 8 3 
31 37 27 11 
vl
9
7
5
7
25
7
225
0
70
2
3
9 8 7 
9 4 1 7 
22 20 
9 6 14 
vl
5
9
5
7
26
99
135
0
91
1
2
5 9 
5 10 9 
10 
11 26 
vl
5
7
5
7
27
52
285
0
103
3
4
5 3 1 7 
5 10 9 8 7 
3 5 14 
11 26 22 20 
vl
13
4
4
10
36
127
220
0
109
4
4
13 6 5 3 4 
13 12 10 9 4 
17 4 3 7 
44 42 26 9 
vl
1
13
4
10
37
-15
280
0
130
5
4
1 4 9 10 12 13 
1 3 5 6 13 
6 9 26 42 44 
5 3 4 17 
vl
4
16
5
10
38
-62
225
0
139
2
2
4 9 16 
4 8 16 
9 24 
12 23 
vl
4
1
1
10
39
36
27
0
152
1
2
4 1 
4 7 1 
6 
13 14 
vl
1
16
5
10
40
53
275
0
163
3
3
1 4 9 16 
1 7 8 16 
6 9 24 
14 20 23 
vl
15
18
3
12
47
21
150
0
170
2
4
15 17 18 
15 14 16 8 18 
31 32 
37 28 23 19 
vl
18
19
4
12
48
207
164
0
185
1
2
18 19 
18 17 19 
18 
32 33 
vl
15
19
4
12
49
95
176
0
186
2
2
15 17 19 
15 20 19 
31 33 
36 34 
vl
3
2
2
15
57
14
74
0
245
1
2
3 2 
3 1 2 
2 
5 1 
vl
2
8
3
15
58
118
162
0
246
3
3
2 1 7 8 
2 3 9 8 
1 14 20 
2 8 22 
vl
14
2
2
15
59
81
134
0
260
4
5
14 10 9 3 2 
14 16 8 7 1 2 
27 26 8 2 
28 23 20 14 1 
vl
3
8
1
15
60
45
46
0
278
2
2
3 4 8 
3 9 8 
7 12 
8 22 
vl
14
3
1
15
61
-6
44
0
295
2
3
14 9 3 
14 10 5 3 
25 8 
27 11 3 
vl
15
19
5
16
62
88
220
0
311
2
2
15 20 19 
15 17 19 
36 34 
31 33 
vl
19
8
5
16
63
-63
225
0
322
2
2
19 7 8 
19 18 8 
16 20 
18 19 
vl
7
15
2
16
64
-15
108
0
345
3
4
7 19 17 15 
7 8 16 14 15 
16 33 31 
20 23 28 37 
vl
7
19
4
16
65
-8
112
0
352
1
2
7 19 
7 1 19 
16 
14 15 
vl
17
20
4
19
73
47
72
0
358
1
2
17 20 
17 15 20 
35 
31 36 
vl
20
6
3
19
74
-79
198
0
361
5
5
20 15 14 10 5 6 
20 17 15 12 13 6 
36 37 27 11 4 
35 31 40 44 17 
vl
6
17
2
19
75
63
132
0
368
4
6
6 13 12 15 17 
6 5 10 14 15 20 17 
17 44 40 31 
4 11 27 37 36 35 
vl
14
2
1
20
76
34
67
0
378
4
5
14 10 9 3 2 
14 16 8 7 1 2 
27 26 8 2 
28 23 20 14 1 
vl
12
2
5
20
77
-115
365
0
403
5
5
12 10 9 4 1 2 
12 13 6 5 3 2 
42 26 9 6 1 
44 17 4 3 2 
vl
6
12
4
20
78
113
112
0
414
3
2
6 5 10 12 
6 13 12 
4 11 42 
17 44 
vl
12
14
1
20
79
65
28
0
426
2
2
12 15 14 
12 10 14 
40 37 
42 27 
vl
2
6
5
20
80
86
365
0
445
3
7
2 3 5 6 
2 1 4 9 10 12 13 6 
2 3 4 
1 6 9 26 42 44 17 
vl
6
14
5
20
81
146
240
0
454
3
4
6 5 10 14 
6 13 12 15 14 
4 11 27 
17 44 40 37 
