76
1       4         1     0
8    2    0    
2       3         1     0
14    0    0    
3       5         1     0
13    0    0    
4       1         1     0
11    0    0    
1       2         2     0
1    10    0    
2       4         2     0
17    5    0    
3       1         2     0
3    7    0    
1       1         3     0
9    18    17    
2       1         3     0
8    11    0    
3       4         3     0
16    19    4    
4       5         3     0
13    10    15    
1       4         4     0
6    13    0    
2       3         4     0
3    9    4    
3       5         4     0
2    7    0    
4       1         4     0
14    0    0    
1       5         5     0
7    6    9    
2       4         5     0
8    0    0    
3       3         5     0
19    0    0    
4       1         5     0
15    0    0    
1       1         6     0
11    18    0    
2       4         6     0
6    0    0    
3       1         6     0
2    0    0    
4       3         6     0
8    12    0    
1       1         7     0
12    0    0    
2       3         7     0
1    13    0    
3       2         7     0
19    0    0    
1       4         8     0
17    18    16    
2       4         8     0
3    0    0    
3       1         8     0
20    0    0    
4       4         8     0
5    14    0    
1       2         9     0
2    8    14    
2       3         9     0
18    5    0    
3       2         9     0
13    0    0    
4       4         9     0
11    7    0    
1       2         10     0
2    12    0    
2       2         10     0
16    20    5    
3       4         10     0
9    0    0    
4       3         10     0
18    19    10    
1       3         11     0
7    16    0    
2       4         11     0
1    2    0    
3       4         11     0
13    0    0    
4       5         11     0
20    11    0    
1       2         12     0
7    12    0    
2       3         12     0
6    19    0    
3       5         12     0
15    0    0    
1       5         13     0
4    0    0    
2       2         13     0
11    10    15    
3       3         13     0
17    0    0    
4       1         13     0
9    20    0    
1       3         14     0
16    0    0    
2       5         14     0
8    0    0    
3       2         14     0
20    15    0    
4       5         14     0
1    0    0    
1       4         15     0
4    0    0    
2       5         15     0
18    5    8    
3       5         15     0
12    17    0    
4       5         15     0
20    19    3    
1       4         16     0
7    12    0    
2       5         16     0
18    0    0    
3       4         16     0
15    0    0    
4       3         16     0
9    4    0    
1       4         17     0
11    19    0    
2       1         17     0
16    9    0    
3       4         17     0
13    0    0    
4       5         17     0
5    14    17    
1       1         18     0
14    16    17    
2       1         18     0
12    0    0    
3       3         18     0
18    13    1    
4       2         18     0
4    0    0    
1       4         19     0
20    16    0    
2       4         19     0
8    15    14    
3       2         19     0
19    10    0    
4       5         19     0
3    0    0    
1       4         20     0
9    1    7    
2       4         20     0
5    0    0    
3       4         20     0
2    19    6    
