0
87
0
0
1         4         1        3       145       1     0
2         3         2        3       188       1     0
3         4         3        3       186       1     0
2         1         4        1       44       1     0
1         3         5        3       145       1     0
4         2         6        4       371       1     0
1         2         7        5       235       2     0
2         4         8        5       458       2     0
3         4         9        5       201       2     0
2         3         10        5       459       2     0
1         2         11        4       250       3     0
2         3         12        1       86       3     0
3         1         13        1       69       3     0
4         3         14        5       214       3     0
1         3         15        2       124       4     0
2         3         16        1       96       4     0
3         4         17        3       160       4     0
4         1         18        4       486       4     0
2         1         19        2       208       4     0
2         4         20        4       162       4     0
1         3         21        3       271       5     0
2         4         22        2       106       5     0
3         4         23        4       357       5     0
2         3         24        1       84       5     0
4         1         25        3       280       5     0
1         4         26        5       429       6     0
2         1         27        2       134       6     0
3         4         28        1       106       6     0
2         4         29        2       162       6     0
1         2         30        4       397       7     0
2         4         31        1       85       7     0
3         1         32        4       332       7     0
1         4         33        5       345       7     0
3         4         34        5       244       7     0
2         3         35        5       144       7     0
1         4         36        2       142       8     0
2         3         37        4       145       8     0
3         4         38        1       88       8     0
2         1         39        3       205       8     0
4         2         40        3       264       8     0
1         3         41        2       136       9     0
2         3         42        2       132       9     0
1         2         43        5       340       9     0
1         4         44        4       277       10     0
2         3         45        3       135       10     0
3         1         46        3       219       10     0
2         1         47        3       210       10     0
1         3         48        4       171       11     0
2         3         49        1       84       11     0
3         4         50        3       136       11     0
2         1         51        3       236       11     0
1         3         52        5       402       12     0
2         4         53        5       122       12     0
3         2         54        2       157       12     0
1         2         55        2       88       12     0
1         2         56        4       89       13     0
2         4         57        3       280       13     0
3         2         58        1       110       13     0
1         4         59        2       89       13     0
1         3         60        3       136       13     0
3         4         61        5       426       13     0
1         2         62        1       89       14     0
2         3         63        3       244       14     0
3         1         64        4       84       14     0
1         2         65        2       120       15     0
2         3         66        5       336       15     0
3         4         67        5       210       15     0
4         1         68        5       158       15     0
1         3         69        3       181       16     0
2         4         70        3       126       16     0
3         4         71        4       282       16     0
1         4         72        3       313       16     0
1         3         73        5       193       17     0
2         4         74        2       86       17     0
3         2         75        4       266       17     0
2         1         76        1       106       17     0
1         3         77        5       358       18     0
2         3         78        3       176       18     0
1         2         79        3       170       18     0
1         3         80        2       145       19     0
2         1         81        4       224       19     0
3         2         82        2       84       19     0
1         3         83        1       78       20     0
2         1         84        4       266       20     0
3         4         85        2       148       20     0
3         2         86        5       321       20     0
1         4         87        5       237       20     0
