20
44
   1        1        2
   2        2        3
   3        3        5
   4        5        6
   5        1        3
   6        1        4
   7        3        4
   8        3        9
   9        4        9
  10        5        9
  11        5        10
  12        4        8
  13        4        7
  14        1        7
  15        1        19
  16        7        19           
  17        7        18 
  18        18       19
  19        8        18
  20        7        8
  21        8        17  
  22        8        9
  23        8        16
  24        9        16
  25        9        14
  26        9        10
  27        10       14
  28        14       16
  29        15       16
  30        16       17
  31        15       17
  32        17       18
  33        17       19
  34        19       20
  35        17       20
  36        15       20
  37        14       15
  38        11       14
  39        11       15
  40        12       15
  41        10       11
  42        10       12
  43        11       12
  44        12       13  