11
1       1         1        57
4    0    0    
2       1         1        57
1    13    0    
3       1         1        57
11    12    8    
1       3         2        57
9    11    0    
2       3         2        57
18    3    1    
3       4         2        57
15    0    0    
4       5         2        57
10    0    0    
1       2         3        57
14    4    8    
2       4         3        57
11    18    9    
3       5         3        57
20    7    6    
4       4         3        57
16    13    0    
