57
12
1
11
2         147         1        0       2      3     2
1         2         1        1       66      1     57
2         3         2        1       96      1     57
1         3         3        1       78      1     57
1         4         4        1       51      2     57
2         3         5        4       326      2     57
3         4         6        3       88      2     57
1         2         7        3       302      2     57
1         4         8        2       120      3     57
2         4         9        2       159      3     57
3         4         10        3       258      3     57
2         1         11        4       159      3     57
