26
1	10	4	2	0
2	10	8	2	0
3	10	19	5	0
4	10	12	1	0
1	6	16	1	8
2	6	19	2	8
3	6	8	2	8
4	6	10	3	8
1	1	15	1	9
2	1	17	1	9
3	1	16	2	9
1	2	14	4	9
2	2	16	3	9
3	2	7	2	9
4	2	15	2	9
1	3	12	2	9
2	3	17	1	9
3	3	2	5	9
1	4	11	1	9
2	4	5	2	9
3	4	1	5	9
4	4	20	3	9
1	5	3	3	9
2	5	15	2	9
3	5	8	3	9
4	5	4	3	9
29
vl
4
19
3
10
45
171
18
0
0
271
2
0
4 1 19 
0
6 15 
0
vl
8
4
5
10
46
178
35
0
0
279
1
0
8 4 
0
12 
0
vl
19
12
4
10
47
63
96
0
0
282
3
0
19 20 15 12 
0
34 36 40 
0
vl
19
8
2
10
48
43
50
0
0
291
2
0
19 17 8 
0
33 21 
0
vl
16
10
1
6
20
117
19
0
8
65
2
0
16 14 10 
0
28 27 
0
vl
19
16
1
6
21
60
15
0
8
73
2
0
19 17 16 
0
33 30 
0
vl
8
16
3
6
22
72
27
0
8
87
1
0
8 16 
0
23 
0
vl
8
19
3
6
23
177
60
0
8
88
2
0
8 18 19 
0
19 18 
0
vl
15
17
2
1
1
136
39
0
9
0
1
0
15 17 
0
31 
0
vl
17
16
5
1
2
264
52
0
9
0
1
0
17 16 
0
30 
0
vl
15
16
4
1
3
263
49
0
9
0
1
0
15 16 
0
29 
0
vl
14
16
5
2
4
369
120
0
9
0
1
0
14 16 
0
28 
0
vl
16
15
2
2
5
304
39
0
9
0
1
0
16 15 
0
29 
0
vl
7
15
3
2
6
59
154
0
9
0
3
0
7 19 17 15 
0
16 33 31 
0
vl
16
7
3
2
7
236
61
0
9
0
2
0
16 8 7 
0
23 20 
0
vl
12
17
4
3
8
208
106
0
9
0
2
0
12 15 17 
0
40 31 
0
vl
17
2
2
3
9
131
71
0
9
0
3
0
17 19 1 2 
0
33 15 1 
0
vl
2
12
5
3
10
650
188
0
9
0
4
0
2 3 5 10 12 
0
2 3 11 42 
0
vl
11
5
4
4
11
423
36
0
9
0
2
0
11 10 5 
0
41 11 
0
vl
5
1
5
4
12
251
169
0
9
0
2
0
5 3 1 
0
3 5 
0
vl
1
11
5
4
13
176
219
0
9
0
4
0
1 3 9 10 11 
0
5 8 26 41 
0
vl
20
1
3
4
14
181
71
0
9
0
2
0
20 19 1 
0
34 15 
0
vl
11
20
1
4
15
89
23
0
9
0
2
0
11 15 20 
0
39 36 
0
vl
20
5
1
4
16
123
42
0
9
0
4
0
20 15 14 10 5 
0
36 37 27 11 
0
vl
3
15
3
5
17
134
135
0
9
0
3
0
3 9 14 15 
0
8 25 37 
0
vl
15
8
1
5
18
194
32
0
9
0
2
0
15 16 8 
0
29 23 
0
vl
8
3
2
5
19
238
50
0
9
0
2
0
8 4 3 
0
12 7 
0
vl
4
15
3
5
20
110
147
0
9
0
3
0
4 8 17 15 
0
12 21 31 
0
vl
4
3
5
5
21
296
23
0
9
0
1
0
4 3 
0
7 
0
