45
1    2    5    2    4
2    2    13    3    4
3    2    9    1    4
1    3    15    2    5
2    3    9    3    5
3    3    20    1    5
4    3    4    4    5
1    5    18    3    5
2    5    13    3    5
3    5    1    3    5
1    1    8    3    6
2    1    19    5    6
3    1    1    4    6
4    1    7    3    6
1    2    14    5    6
2    2    5    4    6
3    2    11    1    6
4    2    2    3    6
1    3    10    1    6
2    3    15    5    6
3    3    12    4    6
4    3    11    3    6
1    5    16    5    6
2    5    7    4    6
3    5    11    2    6
4    5    8    1    6
1    7    8    3    6
2    7    3    4    6
3    7    6    4    6
1    8    12    1    6
2    8    11    2    6
3    8    17    1    6
4    8    18    4    6
1    3    2    4    7
2    3    4    3    7
3    3    14    2    7
4    3    16    2    7
1    1    16    1   9
2    1    9    2   9
3    1    20    1   9
4    1    12    2   9
1    6    5    2   9
2    6    9    2   9
3    6    2    1   9
4    6    20    1   9
51
5
13
5
2
5
359
153
4
5 10 12 13 0
11 42 44 0
13
9
5
2
6
300
130
4
13 12 10 9 0
44 42 26 0
9
5
3
2
7
152
28
4
9 5 0
10 0
15
4
5
3
9
110
124
5
15 17 8 4 0
31 21 12 0
9
4
3
3
10
127
80
5
9 4 0
9 0
20
15
5
3
11
206
72
5
20 15 0
36 0
4
20
4
3
12
34
121
5
4 1 19 20 0
6 15 34 0
15
9
2
3
13
106
81
5
15 16 9 0
29 24 0
18
1
4
5
20
78
93
5
18 19 1 0
18 15 0
13
1
1
5
21
22
83
5
13 12 15 17 19 1 0
44 40 31 33 15 0
13
18
1
5
22
85
64
5
13 12 15 17 18 0
44 40 31 32 0
8
19
4
1
1
7
117
6
8 17 19 0
21 33 0
19
1
3
1
2
98
82
6
19 1 0
15 0
1
7
4
1
3
84
88
6
1 7 0
14 0
7
19
2
1
4
43
68
6
7 19 0
16 0
1
8
3
1
5
135
65
6
1 4 8 0
6 12 0
14
2
4
2
6
339
150
6
14 9 3 2 0
25 8 2 0
5
14
4
2
7
116
70
6
5 10 14 0
11 27 0
11
5
5
2
8
157
91
6
11 10 5 0
41 11 0
5
2
4
2
9
264
124
6
5 3 2 0
3 2 0
11
14
4
2
10
69
27
6
11 14 0
38 0
11
2
4
2
11
219
169
6
11 10 5 3 2 0
41 11 3 2 0
10
12
2
3
12
190
39
6
10 12 0
42 0
15
10
3
3
13
25
66
6
15 12 10 0
40 42 0
12
11
2
3
14
43
67
6
12 11 0
43 0
15
11
3
3
15
28
56
6
15 11 0
39 0
16
7
3
5
19
102
119
6
16 8 7 0
23 20 0
7
11
2
5
20
5
122
6
7 8 16 14 11 0
20 23 28 38 0
11
16
1
5
21
40
57
6
11 14 16 0
38 28 0
8
7
2
5
22
-2
49
6
8 7 0
20 0
8
6
1
7
27
22
63
6
8 9 5 6 0
22 10 4 0
3
6
4
7
28
65
140
6
3 5 6 0
3 4 0
3
8
5
7
29
201
71
6
3 9 8 0
8 22 0
12
18
4
8
30
54
148
6
12 15 17 18 0
40 31 32 0
11
17
2
8
31
107
53
6
11 15 17 0
39 31 0
17
18
2
8
32
6
45
6
17 18 0
32 0
17
12
4
8
33
217
75
6
17 15 12 0
31 40 0
2
14
2
3
12
84
74
7
2 3 9 14 0
2 8 25 0
4
16
3
3
13
96
62
7
4 8 16 0
12 23 0
14
16
3
3
14
-36
61
7
14 16 0
28 0
4
2
5
3
15
233
172
7
4 1 2 0
6 1 0
16
9
5
1
1
262
14
9
16 9 0
24 0
9
20
2
1
2
98
48
9
9 16 17 20 0
24 30 35 0
20
12
1
1
3
51
31
9
20 15 12 0
36 40 0
16
20
5
1
4
52
100
9
16 17 20 0
30 35 0
12
16
2
1
5
47
45
9
12 15 16 0
40 29 0
9
12
5
1
6
167
105
9
9 10 12 0
26 42 0
5
2
2
6
29
32
22
9
5 3 2 0
3 2 0
9
5
5
6
30
449
74
9
9 5 0
10 0
2
20
4
6
31
-11
150
9
2 1 19 20 0
1 15 34 0
2
9
2
6
32
103
32
9
2 3 9 0
2 8 0
