11
1	10	4	2	0
2	10	8	2	0
3	10	19	5	0
4	10	12	1	0
1	6	16	1	8
2	6	19	2	8
3	6	8	2	8
4	6	10	3	8
1	3	12	2	9
2	3	17	1	9
3	3	2	5	9
11
vl
4
19
3
10
45
171
18
0
0
271
2
2
4 1 19 
4 7 19 
6 15 
13 16 
vl
8
4
5
10
46
178
35
0
0
279
1
2
8 4 
8 7 4 
12 
20 13 
vl
19
12
4
10
47
63
96
0
0
282
3
5
19 20 15 12 
19 1 4 9 10 12 
34 36 40 
15 6 9 26 42 
vl
19
8
2
10
48
43
50
0
0
291
2
2
19 17 8 
19 7 8 
33 21 
16 20 
vl
16
10
1
6
20
117
19
0
8
65
2
5
16 14 10 
16 8 7 4 9 10 
28 27 
23 20 13 9 26 
vl
19
16
1
6
21
60
15
0
8
73
2
5
19 17 16 
19 1 4 9 14 16 
33 30 
15 6 9 25 28 
vl
8
16
3
6
22
72
27
0
8
87
1
4
8 16 
8 7 19 17 16 
23 
20 16 33 30 
vl
8
19
3
6
23
177
60
0
8
88
2
2
8 18 19 
8 7 19 
19 18 
20 16 
vl
12
17
4
3
8
132
96
86
9
17
2
5
12 15 17 
12 10 9 8 16 17 
40 31 
42 26 22 23 30 
vl
17
2
2
3
9
114
64
24
9
26
3
6
17 19 1 2 
17 16 8 7 4 3 2 
33 15 1 
30 23 20 13 7 2 
vl
2
12
5
3
10
528
170
140
9
41
5
7
2 3 4 9 10 12 
2 1 4 7 8 16 15 12 
2 7 9 26 42 
1 6 13 20 23 29 40 
