12
1	10	4	2	0
2	10	8	2	0
3	10	19	5	0
4	10	12	1	0
1	6	16	1	8
2	6	19	2	8
3	6	8	2	8
4	6	10	3	8
1	4	11	1	9
2	4	5	2	9
3	4	1	5	9
4	4	20	3	9
14
vl
4
19
3
10
45
171
18
0
0
271
2
2
4 1 19 
4 7 19 
6 15 
13 16 
vl
8
4
5
10
46
178
35
0
0
279
1
2
8 4 
8 7 4 
12 
20 13 
vl
19
12
4
10
47
63
96
0
0
282
3
5
19 20 15 12 
19 1 4 9 10 12 
34 36 40 
15 6 9 26 42 
vl
19
8
2
10
48
43
50
0
0
291
2
2
19 17 8 
19 7 8 
33 21 
16 20 
vl
16
10
1
6
20
117
19
0
8
65
2
5
16 14 10 
16 8 7 4 9 10 
28 27 
23 20 13 9 26 
vl
19
16
1
6
21
60
15
0
8
73
2
5
19 17 16 
19 1 4 9 14 16 
33 30 
15 6 9 25 28 
vl
8
16
3
6
22
72
27
0
8
87
1
4
8 16 
8 7 19 17 16 
23 
20 16 33 30 
vl
8
19
3
6
23
177
60
0
8
88
2
2
8 18 19 
8 7 19 
19 18 
20 16 
vl
11
5
4
4
11
295
28
136
9
87
2
3
11 10 5 
11 14 9 5 
41 11 
38 25 10 
vl
5
1
5
4
12
140
160
120
9
104
2
3
5 3 1 
5 9 4 1 
3 5 
10 9 6 
vl
1
11
5
4
13
20
210
165
9
120
4
4
1 3 9 10 11 
1 19 20 15 11 
5 8 26 41 
15 34 36 39 
vl
20
1
3
4
14
66
126
60
9
145
4
2
20 17 8 4 1 
20 19 1 
35 21 12 6 
34 15 
vl
11
20
1
4
15
44
34
34
9
163
3
3
11 12 15 20 
11 15 17 20 
43 40 36 
39 31 35 
vl
20
5
1
4
16
99
45
21
9
178
4
4
20 17 8 9 5 
20 15 12 10 5 
35 21 22 10 
36 40 42 11 
