18
1       1         1        9
6    2    15    
2       1         1        9
17    5    19    
3       2         1        9
9    8    16    
1       4         2        9
5    14    0    
2       3         2        9
16    0    0    
3       2         2        9
7    0    0    
4       2         2        9
10    3    15    
1       2         3        9
12    0    0    
2       1         3        9
17    0    0    
3       5         3        9
2    0    0    
1       1         4        9
11    0    0    
2       2         4        9
6    5    2    
3       5         4        9
7    1    0    
4       3         4        9
20    12    0    
1       3         5        9
2    3    0    
2       2         5        9
15    19    0    
3       3         5        9
8    13    0    
4       3         5        9
4    17    0    
