50
1	1	12	1	0
2	1	11	1	0
3	1	10	5	0
4	1	16	1	0
1	2	8	2	0
2	2	7	4	0
3	2	16	2	0
4	2	10	1	0
1	3	20	3	0
2	3	19	1	0
3	3	5	3	0
4	3	8	1	0
1	4	15	1	0
2	4	9	3	0
3	4	1	3	0
4	4	7	4	0
1	5	4	2	0
2	5	8	3	0
3	5	18	4	0
4	5	2	5	0
1	6	14	4	0
2	6	4	1	0
3	6	13	3	0
1	7	19	4	0
2	7	5	5	0
3	7	3	2	0
4	7	12	1	0
1	9	12	1	0
2	9	2	1	0
3	9	11	4	0
4	9	1	4	0
1	11	8	1	0
2	11	6	5	0
3	11	12	4	0
4	11	15	2	0
1	14	6	1	0
2	14	2	1	0
3	14	9	3	0
4	14	15	1	0
1	16	16	5	0
2	16	17	5	0
3	16	20	5	0
4	16	10	2	0
1	18	4	4	0
2	18	17	2	0
3	18	3	1	0
4	18	15	2	0
1	19	11	3	0
2	19	8	1	0
3	19	18	4	0
56
12
16
2
1
1
90
57
0
12 15 16 0
40 29 0
11
10
1
1
2
55
39
0
11 10 0
41 0
10
12
5
1
3
114
62
0
10 12 0
42 0
11
16
4
1
4
199
78
0
11 14 16 0
38 28 0
12
11
3
1
5
168
31
0
12 11 0
43 0
16
10
5
1
6
216
161
0
16 9 10 0
24 26 0
8
7
2
2
7
57
50
0
8 7 0
20 0
7
10
1
2
8
30
42
0
7 4 9 10 0
13 9 26 0
16
10
1
2
9
-3
40
0
16 9 10 0
24 26 0
10
8
3
2
10
122
73
0
10 9 8 0
26 22 0
20
8
4
3
11
179
135
0
20 17 8 0
35 21 0
19
20
3
3
12
59
51
0
19 20 0
34 0
5
8
2
3
13
71
27
0
5 9 8 0
10 22 0
19
8
4
3
14
50
155
0
19 7 8 0
16 20 0
20
5
2
3
15
64
70
0
20 15 14 9 5 0
36 37 25 10 0
5
19
3
3
16
154
63
0
5 3 1 19 0
3 5 15 0
15
7
5
4
17
110
241
0
15 17 8 7 0
31 21 20 0
9
7
5
4
18
94
140
0
9 8 7 0
22 20 0
1
9
3
4
19
62
38
0
1 3 9 0
5 8 0
7
1
4
4
20
70
86
0
7 1 0
14 0
4
18
2
5
21
64
42
0
4 7 18 0
13 17 0
8
18
5
5
22
155
38
0
8 18 0
19 0
18
2
2
5
23
96
97
0
18 19 1 2 0
18 15 1 0
2
8
1
5
24
26
79
0
2 1 7 8 0
1 14 20 0
4
8
5
5
25
187
83
0
4 8 0
12 0
14
4
2
6
26
110
72
0
14 9 4 0
25 9 0
4
13
4
6
27
422
192
0
4 9 10 12 13 0
9 26 42 44 0
13
14
5
6
28
174
182
0
13 12 15 14 0
44 40 37 0
19
3
1
7
29
9
53
0
19 1 3 0
15 5 0
5
3
3
7
30
35
54
0
5 3 0
3 0
3
12
4
7
31
22
158
0
3 5 10 12 0
3 11 42 0
5
19
2
7
32
109
54
0
5 3 1 19 0
3 5 15 0
12
11
2
9
37
121
33
0
12 11 0
43 0
2
12
3
9
38
299
115
0
2 3 5 10 12 0
2 3 11 42 0
11
1
1
9
39
12
69
0
11 15 17 19 1 0
39 31 33 15 0
2
1
2
9
40
106
41
0
2 1 0
1 0
8
6
3
11
46
87
77
0
8 9 5 6 0
22 10 4 0
6
12
4
11
47
49
163
0
6 5 10 12 0
4 11 42 0
12
8
4
11
48
7
179
0
12 15 17 8 0
40 31 21 0
15
12
5
11
49
324
121
0
15 12 0
40 0
6
15
3
14
57
39
118
0
6 5 9 16 15 0
4 10 24 29 0
2
15
2
14
58
75
92
0
2 1 19 20 15 0
1 15 34 36 0
9
6
3
14
59
112
36
0
9 5 6 0
10 4 0
6
2
5
14
60
457
85
0
6 5 3 2 0
4 3 2 0
16
10
2
16
65
173
99
0
16 9 10 0
24 26 0
17
20
1
16
66
71
42
0
17 20 0
35 0
20
16
3
16
67
187
111
0
20 17 16 0
35 30 0
10
20
1
16
68
50
83
0
10 11 15 20 0
41 39 36 0
10
17
4
16
69
-117
213
0
10 9 16 17 0
26 24 30 0
4
17
1
18
74
38
46
0
4 8 17 0
12 21 0
17
15
1
18
75
-9
57
0
17 15 0
31 0
3
4
3
18
76
163
55
0
3 4 0
7 0
17
3
5
18
77
199
197
0
17 16 9 3 0
30 24 8 0
11
8
5
19
78
21
181
0
11 14 9 8 0
38 25 22 0
8
18
1
19
79
53
13
0
8 18 0
19 0
11
18
5
19
80
373
131
0
11 15 17 18 0
39 31 32 0
