20
1       4       5        0
2       3       3        0
3       4       5        0
4       4       5        0
5       4       4        0
6       4       6        0
7       4       6        0
8       4       4        0
9       4       5        0
10       4       4        0
11       4       6        0
12       4       6        0
13       3       3        0
14       4       5        0
15       4       4        0
16       4       4        0
17       3       3        0
18       4       6        0
19       3       3        0
20       4       4        0
