76
1       2         1     0
14    0    0    
2       4         1     0
9    13    0    
3       3         1     0
5    8    6    
4       4         1     0
17    0    0    
1       2         2     0
9    4    0    
2       3         2     0
1    3    13    
3       5         2     0
16    7    11    
1       2         3     0
4    8    13    
2       1         3     0
5    1    10    
3       2         3     0
3    16    0    
4       4         3     0
2    0    0    
1       4         4     0
20    19    0    
2       1         4     0
11    2    7    
3       3         4     0
8    12    16    
4       2         4     0
18    5    15    
1       3         5     0
10    12    0    
2       3         5     0
1    0    0    
3       3         5     0
19    14    13    
4       1         5     0
15    16    0    
1       1         6     0
18    8    11    
2       5         6     0
7    0    0    
3       2         6     0
4    0    0    
4       4         6     0
2    1    0    
1       4         7     0
2    16    0    
2       4         7     0
15    13    5    
3       5         7     0
20    0    0    
4       5         7     0
3    0    0    
1       1         8     0
13    3    2    
2       2         8     0
7    14    19    
3       4         8     0
18    16    9    
4       4         8     0
1    8    0    
1       2         9     0
12    4    0    
2       3         9     0
1    0    0    
3       3         9     0
19    0    0    
4       2         9     0
18    11    0    
1       4         10     0
7    13    0    
2       4         10     0
11    4    0    
3       1         10     0
18    0    0    
4       3         10     0
6    0    0    
1       1         11     0
10    0    0    
2       4         11     0
17    3    0    
3       4         11     0
15    18    0    
4       3         11     0
14    20    0    
1       3         12     0
13    16    0    
2       1         12     0
19    0    0    
3       2         12     0
17    0    0    
4       4         12     0
2    0    0    
1       5         13     0
12    19    0    
2       1         13     0
15    13    0    
3       3         13     0
8    3    2    
1       1         14     0
2    5    10    
2       5         14     0
11    17    18    
3       1         14     0
14    15    0    
4       4         14     0
3    7    1    
1       2         15     0
15    0    0    
2       1         15     0
5    13    8    
3       4         15     0
4    0    0    
4       4         15     0
14    0    0    
1       2         16     0
4    6    0    
2       4         16     0
7    0    0    
3       3         16     0
5    14    13    
4       5         16     0
8    1    20    
1       4         17     0
4    13    0    
2       3         17     0
6    20    0    
3       3         17     0
5    3    12    
1       4         18     0
16    0    0    
2       2         18     0
15    13    1    
3       5         18     0
9    19    8    
4       1         18     0
20    0    0    
1       1         19     0
4    5    0    
2       4         19     0
11    14    13    
3       5         19     0
16    10    20    
1       3         20     0
8    0    0    
2       1         20     0
17    2    16    
3       3         20     0
18    19    10    
4       5         20     0
15    0    0    
