0
91
0
0
1         4         1        4       194       1     0
2         1         2        3       247       1     0
3         2         3        1       158       1     0
2         4         4        5       300       1     0
3         4         5        4       164       1     0
1         2         6        5       262       2     0
2         3         7        5       297       2     0
3         1         8        5       242       2     0
1         2         9        1       117       3     0
2         3         10        3       136       3     0
3         4         11        3       177       3     0
2         4         12        4       129       3     0
1         4         13        3       338       3     0
1         4         14        5       201       4     0
2         4         15        5       420       4     0
3         2         16        3       195       4     0
1         3         17        1       75       4     0
3         4         18        3       117       4     0
1         3         19        4       302       5     0
2         4         20        2       150       5     0
3         4         21        3       146       5     0
3         2         22        2       117       5     0
1         4         23        2       176       6     0
2         3         24        5       234       6     0
3         4         25        4       211       6     0
2         4         26        5       246       6     0
3         1         27        3       220       6     0
2         1         28        4       300       6     0
1         2         29        4       472       7     0
2         4         30        4       317       7     0
3         1         31        2       197       7     0
3         2         32        2       229       7     0
1         4         33        5       385       7     0
4         3         34        5       427       7     0
1         2         35        1       131       8     0
2         3         36        1       39       8     0
3         4         37        1       65       8     0
1         3         38        3       206       8     0
1         2         39        1       52       9     0
2         3         40        5       154       9     0
3         1         41        3       165       9     0
4         2         42        1       74       9     0
4         3         43        2       133       9     0
1         2         44        4       325       10     0
2         4         45        5       489       10     0
3         4         46        2       359       10     0
1         4         47        4       564       10     0
1         4         48        4       228       11     0
2         1         49        1       69       11     0
3         1         50        3       105       11     0
3         2         51        4       240       11     0
2         4         52        5       245       11     0
4         3         53        5       187       11     0
1         3         54        3       292       12     0
2         1         55        4       388       12     0
3         4         56        5       517       12     0
2         4         57        4       314       12     0
2         3         58        1       50       12     0
1         4         59        5       725       12     0
1         3         60        3       156       13     0
2         3         61        4       208       13     0
1         2         62        2       182       13     0
1         2         63        1       151       14     0
2         3         64        4       165       14     0
3         4         65        5       464       14     0
1         3         66        5       324       14     0
4         2         67        2       183       14     0
1         2         68        2       64       15     0
2         3         69        5       588       15     0
3         4         70        5       404       15     0
4         1         71        3       49       15     0
1         4         72        4       272       16     0
2         4         73        2       138       16     0
3         4         74        4       414       16     0
3         1         75        1       197       16     0
1         3         76        5       480       17     0
2         1         77        1       143       17     0
2         3         78        5       289       17     0
1         3         79        4       106       18     0
2         3         80        3       364       18     0
3         4         81        5       226       18     0
2         4         82        1       42       18     0
2         1         83        5       262       18     0
1         4         84        5       134       18     0
1         2         85        5       434       19     0
2         3         86        1       85       19     0
3         1         87        4       342       19     0
1         2         88        3       126       20     0
2         4         89        2       115       20     0
3         2         90        1       85       20     0
4         1         91        2       108       20     0
