58
1    1    12    1    0
2    1    11    1    0
3    1    10    5    0
4    1    16    1    0
1    2    8    2    0
2    2    7    4    0
3    2    16    2    0
4    2    10    1    0
1    3    20    3    0
2    3    19    1    0
3    3    5    3    0
4    3    8    1    0
1    4    15    1    0
2    4    9    3    0
3    4    1    3    0
4    4    7    4    0
1    5    4    2    0
2    5    8    3    0
3    5    18    4    0
4    5    2    5    0
1    6    14    4    0
2    6    4    1    0
3    6    13    3    0
1    7    19    4    0
2    7    5    5    0
3    7    3    2    0
4    7    12    1    0
1    8    13    3    0
2    8    6    1    0
3    8    4    1    0
4    8    9    2    0
1    9    12    1    0
2    9    2    1    0
3    9    11    4    0
4    9    1    4    0
1    10    12    1    0
2    10    15    2    0
3    10    3    4    0
4    10    14    3    0
1    11    8    1    0
2    11    6    5    0
3    11    12    4    0
4    11    15    2    0
1    14    6    1    0
2    14    2    1    0
3    14    9    3    0
4    14    15    1    0
1    16    16    5    0
2    16    17    5    0
3    16    20    5    0
4    16    10    2    0
1    18    4    4    0
2    18    17    2    0
3    18    3    1    0
4    18    15    2    0
1    19    11    3    0
2    19    8    1    0
3    19    18    4    0
