16
1	10	4	2	0
2	10	8	2	0
3	10	19	5	0
4	10	12	1	0
1	5	7	4	6
2	5	1	2	6
3	5	16	1	6
1	7	2	4	6
2	7	8	4	6
3	7	19	2	6
1	3	18	3	7
2	3	2	1	7
3	3	9	3	7
1	5	18	4	7
2	5	16	1	7
3	5	7	2	7
16
vl
4
19
3
10
45
171
18
0
0
271
2
2
4 1 19 
4 7 19 
6 15 
13 16 
vl
8
4
5
10
46
178
35
0
0
279
1
2
8 4 
8 7 4 
12 
20 13 
vl
19
12
4
10
47
63
96
0
0
282
3
5
19 20 15 12 
19 1 4 9 10 12 
34 36 40 
15 6 9 26 42 
vl
19
8
2
10
48
43
50
0
0
291
2
2
19 17 8 
19 7 8 
33 21 
16 20 
vl
7
16
4
5
21
288
60
0
6
75
3
5
7 4 8 16 
7 1 4 9 14 16 
13 12 23 
14 6 9 25 28 
vl
1
16
4
5
22
123
96
0
6
77
3
5
1 4 8 16 
1 7 4 9 14 16 
6 12 23 
14 13 9 25 28 
vl
1
7
3
5
23
403
3
0
6
83
1
2
1 7 
1 4 7 
14 
6 13 
vl
2
8
3
7
28
297
99
0
6
85
3
4
2 3 9 8 
2 1 4 7 8 
2 8 22 
1 6 13 20 
vl
8
19
3
7
29
392
36
0
6
86
2
3
8 18 19 
8 4 1 19 
19 18 
12 6 15 
vl
2
19
2
7
30
149
68
0
6
96
3
4
2 1 7 19 
2 3 4 1 19 
1 14 16 
2 7 6 15 
vl
18
9
5
3
9
80
125
95
7
94
3
3
18 17 8 9 
18 8 16 9 
32 21 22 
19 23 24 
vl
2
18
1
3
10
147
39
31
7
102
3
4
2 1 19 18 
2 3 9 8 18 
1 15 18 
2 8 22 19 
vl
9
2
4
3
11
281
124
148
7
126
3
3
9 4 3 2 
9 3 1 2 
9 7 2 
8 5 1 
vl
18
7
1
5
16
67
22
13
7
184
2
2
18 19 7 
18 8 7 
18 16 
19 20 
vl
16
7
4
5
17
139
84
140
7
198
2
3
16 8 7 
16 17 19 7 
23 20 
30 33 16 
vl
16
18
1
5
18
79
24
30
7
221
3
3
16 17 8 18 
16 15 17 18 
30 21 19 
29 31 32 
