32
1	10	4	2	0
2	10	8	2	0
3	10	19	5	0
4	10	12	1	0
1	5	7	4	6
2	5	1	2	6
3	5	16	1	6
1	7	2	4	6
2	7	8	4	6
3	7	19	2	6
1	1	11	1	7
2	1	14	5	7
3	1	10	5	7
4	1	20	4	7
1	2	11	3	7
2	2	5	2	7
3	2	15	2	7
4	2	13	4	7
1	3	18	3	7
2	3	2	1	7
3	3	9	3	7
1	4	15	4	7
2	4	4	3	7
3	4	16	4	7
4	4	12	3	7
1	5	18	4	7
2	5	16	1	7
3	5	7	2	7
1	6	5	5	7
2	6	14	3	7
3	6	20	4	7
4	6	11	4	7
32
vl
4
19
3
10
45
171
18
0
0
271
2
0
4 1 19 
0
6 15 
0
vl
8
4
5
10
46
178
35
0
0
279
1
0
8 4 
0
12 
0
vl
19
12
4
10
47
63
96
0
0
282
3
0
19 20 15 12 
0
34 36 40 
0
vl
19
8
2
10
48
43
50
0
0
291
2
0
19 17 8 
0
33 21 
0
vl
7
16
4
5
21
288
60
0
6
75
3
0
7 4 8 16 
0
13 12 23 
0
vl
1
16
4
5
22
123
96
0
6
77
3
0
1 4 8 16 
0
6 12 23 
0
vl
1
7
3
5
23
403
3
0
6
83
1
0
1 7 
0
14 
0
vl
2
8
3
7
28
297
99
0
6
85
3
0
2 3 9 8 
0
2 8 22 
0
vl
8
19
3
7
29
392
36
0
6
86
2
0
8 18 19 
0
19 18 
0
vl
2
19
2
7
30
149
68
0
6
96
3
0
2 1 7 19 
0
1 14 16 
0
vl
11
20
4
1
1
290
71
0
7
0
2
0
11 15 20 
0
39 36 
0
vl
14
10
3
1
2
197
74
0
7
0
1
0
14 10 
0
27 
0
vl
10
11
5
1
3
322
93
0
7
0
1
0
10 11 
0
41 
0
vl
11
14
4
1
4
407
44
0
7
0
1
0
11 14 
0
38 
0
vl
11
5
5
2
5
192
115
0
7
0
2
0
11 10 5 
0
41 11 
0
vl
5
13
1
2
6
76
24
0
7
0
2
0
5 6 13 
0
4 17 
0
vl
15
5
1
2
7
129
45
0
7
0
3
0
15 14 9 5 
0
37 25 10 
0
vl
15
13
3
2
8
339
80
0
7
0
2
0
15 12 13 
0
40 44 
0
vl
18
9
5
3
9
270
30
0
7
0
2
0
18 8 9 
0
19 22 
0
vl
2
18
1
3
10
168
49
0
7
0
3
0
2 1 19 18 
0
1 15 18 
0
vl
9
2
4
3
11
434
119
0
7
0
2
0
9 3 2 
0
8 2 
0
vl
15
16
4
4
12
183
84
0
7
0
1
0
15 16 
0
29 
0
vl
4
16
4
4
13
161
127
0
7
0
2
0
4 8 16 
0
12 23 
0
vl
16
12
1
4
14
66
46
0
7
0
2
0
16 15 12 
0
29 40 
0
vl
4
15
1
4
15
150
54
0
7
0
3
0
4 8 17 15 
0
12 21 31 
0
vl
18
7
1
5
16
71
31
0
7
0
2
0
18 8 7 
0
19 20 
0
vl
16
7
4
5
17
269
94
0
7
0
2
0
16 8 7 
0
23 20 
0
vl
16
18
1
5
18
95
38
0
7
0
2
0
16 17 18 
0
30 32 
0
vl
5
11
5
6
19
183
127
0
7
0
2
0
5 10 11 
0
11 41 
0
vl
14
11
4
6
20
335
43
0
7
0
1
0
14 11 
0
38 
0
vl
20
11
2
6
21
133
54
0
7
0
2
0
20 15 11 
0
36 39 
0
vl
20
5
1
6
22
178
56
0
7
0
4
0
20 15 14 10 5 
0
36 37 27 11 
0
