22
1       1         1        7
11    3    15    
2       5         1        7
14    0    0    
3       5         1        7
1    10    4    
4       4         1        7
8    7    20    
1       3         2        7
11    16    0    
2       2         2        7
14    4    5    
3       2         2        7
15    19    0    
4       4         2        7
13    0    0    
1       3         3        7
13    18    5    
2       1         3        7
2    0    0    
3       3         3        7
8    6    9    
1       4         4        7
20    15    10    
2       3         4        7
4    0    0    
3       4         4        7
16    13    0    
4       3         4        7
12    5    0    
1       4         5        7
2    19    18    
2       1         5        7
16    0    0    
3       2         5        7
1    7    0    
1       5         6        7
1    6    5    
2       3         6        7
14    7    0    
3       4         6        7
18    20    2    
4       4         6        7
11    13    0    
