27
1	3	6	2	11
2	3	1	1	11
3	3	5	5	11
4	3	9	2	11
1	3	20	2	16
2	3	16	2	16
3	3	12	2	16
4	3	1	5	16
1	1	11	2	18
2	1	15	5	18
3	1	13	4	18
1	2	8	4	18
2	2	14	1	18
3	2	16	4	18
1	3	11	1	18
2	3	10	1	18
3	3	20	2	18
1	4	19	2	18
2	4	12	5	18
3	4	20	5	18
1	5	8	1	18
2	5	14	4	18
3	5	10	3	18
4	5	15	2	18
1	6	1	4	18
2	6	19	1	18
3	6	11	1	18
29
vl
6
1
5
3
9
255
105
0
11
33
3
6
6 5 3 1 
6 13 12 15 17 19 1 
4 3 5 
17 44 40 31 33 15 
vl
1
9
2
3
10
39
18
0
11
47
2
3
1 3 9 
1 7 8 9 
5 8 
14 20 22 
vl
5
6
4
3
11
66
52
0
11
61
1
4
5 6 
5 10 12 13 6 
4 
11 42 44 17 
vl
9
5
5
3
12
255
35
0
11
62
1
2
9 5 
9 10 5 
10 
26 11 
vl
6
9
3
3
13
230
60
0
11
63
2
4
6 5 9 
6 13 12 10 9 
4 10 
17 44 42 26 
vl
20
12
3
3
10
238
99
0
16
103
4
4
20 15 14 10 12 
20 17 16 15 12 
36 37 27 42 
35 30 29 40 
vl
16
20
3
3
11
144
48
0
16
107
2
2
16 17 20 
16 15 20 
30 35 
29 36 
vl
12
1
2
3
12
127
104
0
16
122
4
4
12 15 17 19 1 
12 10 9 4 1 
40 31 33 15 
42 26 9 6 
vl
16
1
2
3
13
128
44
0
16
144
3
3
16 8 4 1 
16 9 3 1 
23 12 6 
24 8 5 
vl
11
13
3
1
1
27
51
78
18
3
3
4
11 15 12 13 
11 10 5 6 13 
39 40 44 
41 11 4 17 
vl
15
13
1
1
2
78
14
24
18
15
2
5
15 12 13 
15 16 9 5 6 13 
40 44 
29 24 10 4 17 
vl
15
11
2
1
3
38
6
18
18
29
1
2
15 11 
15 14 11 
39 
37 38 
vl
8
16
1
2
4
105
4
16
18
30
1
2
8 16 
8 9 16 
23 
22 24 
vl
14
8
5
2
5
21
25
45
18
32
2
3
14 16 8 
14 15 17 8 
28 23 
37 31 21 
vl
14
16
1
2
6
64
1
7
18
46
1
2
14 16 
14 15 16 
28 
37 29 
vl
11
10
1
3
7
27
6
7
18
47
1
2
11 10 
11 12 10 
41 
43 42 
vl
10
20
3
3
8
248
48
17
18
49
3
4
10 11 15 20 
10 9 8 17 20 
41 39 36 
26 22 21 35 
vl
20
11
1
3
9
100
10
8
18
65
2
4
20 15 11 
20 17 15 12 11 
36 39 
35 31 40 43 
vl
19
12
5
4
10
128
105
59
18
80
3
5
19 17 15 12 
19 18 8 9 10 12 
33 31 40 
18 19 22 26 42 
vl
12
20
3
4
11
118
27
33
18
93
2
4
12 15 20 
12 11 15 17 20 
40 36 
43 39 31 35 
vl
20
19
4
4
12
232
76
1
18
108
1
2
20 19 
20 17 19 
34 
35 33 
vl
8
10
5
5
13
95
100
24
18
121
3
2
8 16 14 10 
8 9 10 
23 28 27 
22 26 
vl
14
15
2
5
14
155
14
10
18
124
1
2
14 15 
14 11 15 
37 
38 39 
vl
10
15
5
5
15
95
45
0
18
128
2
2
10 11 15 
10 12 15 
41 39 
42 40 
vl
8
14
1
5
16
93
5
7
18
140
2
2
8 16 14 
8 9 14 
23 28 
22 25 
vl
8
15
2
5
17
57
24
4
18
155
2
2
8 16 15 
8 17 15 
23 29 
21 31 
vl
1
11
3
6
18
167
102
9
18
183
4
4
1 4 9 14 11 
1 19 17 15 11 
6 9 25 38 
15 33 31 39 
vl
19
1
5
6
19
-25
10
69
18
185
1
2
19 1 
19 7 1 
15 
16 14 
vl
19
11
3
6
20
64
75
33
18
193
4
4
19 17 16 14 11 
19 18 17 15 11 
33 30 28 38 
18 32 31 39 
