19
1       2         1        18
4    11    0    
2       5         1        18
15    3    17    
3       4         1        18
13    0    0    
1       4         2        18
17    10    8    
2       1         2        18
13    14    20    
3       4         2        18
5    16    0    
1       1         3        18
17    11    8    
2       1         3        18
7    10    13    
3       2         3        18
6    20    2    
1       2         4        18
19    0    0    
2       5         4        18
12    0    0    
3       5         4        18
20    3    7    
1       1         5        18
8    4    0    
2       4         5        18
14    1    0    
3       3         5        18
10    0    0    
4       2         5        18
15    19    0    
1       4         6        18
1    0    0    
2       1         6        18
19    0    0    
3       1         6        18
11    0    0    
