14
1	10	4	2	0
2	10	8	2	0
3	10	19	5	0
4	10	12	1	0
1	1	3	2	2
2	1	9	2	2
3	1	1	4	2
1	4	7	1	6
2	4	18	1	6
3	4	9	3	6
4	4	15	4	6
1	7	2	4	6
2	7	8	4	6
3	7	19	2	6
15
vl
4
19
3
10
45
171
18
0
0
271
2
2
4 1 19 
4 7 19 
6 15 
13 16 
vl
8
4
5
10
46
178
35
0
0
279
1
2
8 4 
8 7 4 
12 
20 13 
vl
19
12
4
10
47
63
96
0
0
282
3
5
19 20 15 12 
19 1 4 9 10 12 
34 36 40 
15 6 9 26 42 
vl
19
8
2
10
48
43
50
0
0
291
2
2
19 17 8 
19 7 8 
33 21 
16 20 
vl
3
1
1
1
1
158
1
0
2
0
1
3
3 1 
3 9 4 1 
5 
8 9 6 
vl
9
3
5
1
2
327
10
0
2
1
1
6
9 3 
9 14 15 17 8 4 3 
8 
25 37 31 21 12 7 
vl
9
1
1
1
3
214
33
0
2
11
3
4
9 4 7 1 
9 8 7 19 1 
9 13 14 
22 20 16 15 
vl
7
18
4
4
16
79
120
60
6
176
3
3
7 19 17 18 
7 1 19 18 
16 33 32 
14 15 18 
vl
18
9
3
4
17
61
60
90
6
187
3
3
18 8 4 9 
18 17 8 9 
19 12 9 
32 21 22 
vl
9
7
5
4
18
246
80
45
6
201
2
2
9 4 7 
9 8 7 
9 13 
22 20 
vl
15
9
2
4
19
138
38
54
6
217
2
2
15 14 9 
15 16 9 
37 25 
29 24 
vl
15
7
5
4
20
194
215
170
6
232
3
3
15 17 19 7 
15 16 8 7 
31 33 16 
29 23 20 
vl
2
8
3
7
28
264
99
72
6
287
3
3
2 3 9 8 
2 1 4 8 
2 8 22 
1 6 12 
vl
8
19
3
7
29
341
36
51
6
297
2
3
8 18 19 
8 4 1 19 
19 18 
12 6 15 
vl
2
19
2
7
30
109
68
64
6
316
3
3
2 1 7 19 
2 3 1 19 
1 14 16 
2 5 15 
