33
1	10	4	2	0
2	10	8	2	0
3	10	19	5	0
4	10	12	1	0
1	1	3	2	2
2	1	9	2	2
3	1	1	4	2
1	1	6	4	6
2	1	4	3	6
3	1	2	3	6
4	1	3	2	6
1	2	11	1	6
2	2	16	3	6
3	2	18	4	6
4	2	10	3	6
1	3	10	2	6
2	3	13	3	6
3	3	12	4	6
4	3	15	2	6
1	4	7	1	6
2	4	18	1	6
3	4	9	3	6
4	4	15	4	6
1	5	7	4	6
2	5	1	2	6
3	5	16	1	6
1	7	2	4	6
2	7	8	4	6
3	7	19	2	6
1	8	9	3	6
2	8	17	2	6
3	8	10	3	6
4	8	11	4	6
39
vl
4
19
3
10
45
171
18
0
0
271
2
0
4 1 19 
0
6 15 
0
vl
8
4
5
10
46
178
35
0
0
279
1
0
8 4 
0
12 
0
vl
19
12
4
10
47
63
96
0
0
282
3
0
19 20 15 12 
0
34 36 40 
0
vl
19
8
2
10
48
43
50
0
0
291
2
0
19 17 8 
0
33 21 
0
vl
3
1
1
1
1
158
1
0
2
0
1
0
3 1 
0
5 
0
vl
9
3
5
1
2
327
10
0
2
1
1
0
9 3 
0
8 
0
vl
9
1
1
1
3
214
33
0
2
11
3
0
9 4 7 1 
0
9 13 14 
0
vl
6
4
4
1
1
355
199
0
6
0
3
0
6 5 9 4 
0
4 10 9 
0
vl
4
2
5
1
2
209
144
0
6
0
2
0
4 3 2 
0
7 2 
0
vl
2
6
5
1
3
739
237
0
6
0
3
0
2 3 5 6 
0
2 3 4 
0
vl
3
2
2
1
4
114
36
0
6
0
1
0
3 2 
0
2 
0
vl
11
18
2
2
5
237
99
0
6
0
3
0
11 15 17 18 
0
39 31 32 
0
vl
16
10
2
2
6
165
67
0
6
0
2
0
16 9 10 
0
24 26 
0
vl
18
16
3
2
7
185
73
0
6
0
2
0
18 8 16 
0
19 23 
0
vl
10
11
2
2
8
259
38
0
6
0
1
0
10 11 
0
41 
0
vl
10
18
2
2
9
377
67
0
6
0
3
0
10 9 8 18 
0
26 22 19 
0
vl
11
16
4
2
10
214
83
0
6
0
2
0
11 14 16 
0
38 28 
0
vl
10
12
1
3
11
165
40
0
6
0
1
0
10 12 
0
42 
0
vl
13
12
5
3
12
554
76
0
6
0
1
0
13 12 
0
44 
0
vl
12
15
3
3
13
301
77
0
6
0
1
0
12 15 
0
40 
0
vl
15
13
1
3
14
76
47
0
6
0
2
0
15 12 13 
0
40 44 
0
vl
13
10
2
3
15
134
77
0
6
0
2
0
13 12 10 
0
44 42 
0
vl
7
18
4
4
16
213
46
0
6
0
2
0
7 8 18 
0
20 19 
0
vl
18
9
3
4
17
171
40
0
6
0
2
0
18 8 9 
0
19 22 
0
vl
9
7
5
4
18
309
62
0
6
0
2
0
9 8 7 
0
22 20 
0
vl
15
9
2
4
19
145
85
0
6
0
2
0
15 16 9 
0
29 24 
0
vl
15
7
5
4
20
346
233
0
6
0
3
0
15 17 19 7 
0
31 33 16 
0
vl
7
16
4
5
21
274
86
0
6
0
2
0
7 8 16 
0
20 23 
0
vl
1
16
4
5
22
127
108
0
6
0
3
0
1 4 8 16 
0
6 12 23 
0
vl
1
7
3
5
23
385
21
0
6
0
1
0
1 7 
0
14 
0
vl
2
8
3
7
28
351
84
0
6
0
3
0
2 1 7 8 
0
1 14 20 
0
vl
8
19
3
7
29
370
58
0
6
0
2
0
8 18 19 
0
19 18 
0
vl
2
19
2
7
30
189
52
0
6
0
2
0
2 1 19 
0
1 15 
0
vl
9
11
3
8
31
223
115
0
6
0
2
0
9 14 11 
0
25 38 
0
vl
17
11
2
8
32
313
80
0
6
0
2
0
17 15 11 
0
31 39 
0
vl
10
11
4
8
33
352
63
0
6
0
1
0
10 11 
0
41 
0
vl
10
17
1
8
34
176
58
0
6
0
3
0
10 9 16 17 
0
26 24 30 
0
vl
9
17
5
8
35
277
143
0
6
0
2
0
9 16 17 
0
24 30 
0
vl
9
10
5
8
36
425
85
0
6
0
1
0
9 10 
0
26 
0
