13
1	10	4	2	0
2	10	8	2	0
3	10	19	5	0
4	10	12	1	0
1	1	3	2	2
2	1	9	2	2
3	1	1	4	2
1	5	7	4	6
2	5	1	2	6
3	5	16	1	6
1	7	2	4	6
2	7	8	4	6
3	7	19	2	6
13
vl
4
19
3
10
45
171
18
0
0
271
2
2
4 1 19 
4 7 19 
6 15 
13 16 
vl
8
4
5
10
46
178
35
0
0
279
1
2
8 4 
8 7 4 
12 
20 13 
vl
19
12
4
10
47
63
96
0
0
282
3
5
19 20 15 12 
19 1 4 9 10 12 
34 36 40 
15 6 9 26 42 
vl
19
8
2
10
48
43
50
0
0
291
2
2
19 17 8 
19 7 8 
33 21 
16 20 
vl
3
1
1
1
1
158
1
0
2
0
1
3
3 1 
3 9 4 1 
5 
8 9 6 
vl
9
3
5
1
2
327
10
0
2
1
1
6
9 3 
9 14 15 17 8 4 3 
8 
25 37 31 21 12 7 
vl
9
1
1
1
3
214
33
0
2
11
3
4
9 4 7 1 
9 8 7 19 1 
9 13 14 
22 20 16 15 
vl
7
16
4
5
21
288
60
12
6
75
3
5
7 4 8 16 
7 1 4 9 14 16 
13 12 23 
14 6 9 25 28 
vl
1
16
4
5
22
123
96
16
6
77
3
5
1 4 8 16 
1 7 4 9 14 16 
6 12 23 
14 13 9 25 28 
vl
1
7
3
5
23
403
3
0
6
83
1
2
1 7 
1 4 7 
14 
6 13 
vl
2
8
3
7
28
297
99
39
6
85
3
4
2 3 9 8 
2 1 4 7 8 
2 8 22 
1 6 13 20 
vl
8
19
3
7
29
392
36
0
6
86
2
3
8 18 19 
8 4 1 19 
19 18 
12 6 15 
vl
2
19
2
7
30
149
68
24
6
96
3
4
2 1 7 19 
2 3 4 1 19 
1 14 16 
2 7 6 15 
