16
1       5         1        6
9    0    0    
2       5         1        6
14    0    0    
3       5         1        6
3    15    6    
4       4         1        6
2    8    18    
1       1         2        6
5    17    2    
2       1         2        6
4    0    0    
3       4         2        6
19    1    0    
4       5         2        6
14    7    0    
1       3         3        6
20    8    0    
2       1         3        6
3    14    0    
3       4         3        6
15    10    5    
4       2         3        6
7    4    9    
1       5         4        6
2    6    0    
2       4         4        6
4    5    8    
3       4         4        6
20    10    0    
4       2         4        6
12    0    0    
