23
1    1    8    3    6
2    1    19    5    6
3    1    1    4    6
4    1    7    3    6
1    2    14    5    6
2    2    5    4    6
3    2    11    1    6
4    2    2    3    6
1    3    10    1    6
2    3    15    5    6
3    3    12    4    6
4    3    11    3    6
1    5    16    5    6
2    5    7    4    6
3    5    11    2    6
4    5    8    1    6
1    7    8    3    6
2    7    3    4    6
3    7    6    4    6
1    8    12    1    6
2    8    11    2    6
3    8    17    1    6
4    8    18    4    6
