12
1       5         1        17
14    0    0    
2       1         1        17
3    17    0    
3       1         1        17
7    4    0    
4       1         1        17
2    11    5    
1       4         2        17
3    19    0    
2       2         2        17
11    15    0    
3       5         2        17
6    12    8    
4       3         2        17
4    10    7    
1       5         3        17
16    14    0    
2       5         3        17
9    0    0    
3       1         3        17
19    13    0    
4       3         3        17
8    0    0    
