26
1    16    15    3    0
2    16    19    4    0
3    16    7    3    0
4    16    8    1    0
1    6    16    1    1
2    6    18    4    1
3    6    5    1    1
4    6    12    5    1
1    4    20    1    3
2    4    4    1    3
3    4    1    3    3
4    4    14    5    3
1    6    17    5    3
2    6    5    2    3
3    6    9    4    3
4    6    10    5    3
1    1    3    4   4
2    1    6    5   4
3    1    4    1   4
4    1    10    3   4
1    2    5    2   4
2    2    13    3   4
3    2    9    1   4
1    4    16    5   4
2    4    15    5   4
3    4    7    3   4
29
15
19
5
16
62
183
125
0
15 17 19 0
31 33 0
19
8
5
16
63
61
101
0
19 7 8 0
16 20 0
7
15
2
16
64
11
82
0
7 8 17 15 0
20 21 31 0
7
19
4
16
65
62
42
0
7 19 0
16 0
16
12
1
6
22
20
34
1
16 15 12 0
29 40 0
18
12
3
6
23
8
77
1
18 17 15 12 0
32 31 40 0
5
16
1
6
24
11
25
1
5 9 16 0
10 24 0
18
5
1
6
25
56
62
1
18 8 9 5 0
19 22 10 0
16
18
3
6
26
252
57
1
16 17 18 0
30 32 0
5
12
5
6
27
146
63
1
5 10 12 0
11 42 0
20
1
5
4
13
33
104
3
20 19 1 0
34 15 0
4
1
5
4
14
327
41
3
4 1 0
6 0
1
14
4
4
15
140
215
3
1 3 9 14 0
5 8 25 0
20
14
1
4
16
36
40
3
20 15 14 0
36 37 0
17
10
4
6
20
98
148
3
17 16 9 10 0
30 24 26 0
5
10
5
6
21
42
92
3
5 10 0
11 0
9
10
3
6
22
37
49
3
9 10 0
26 0
9
17
2
6
23
117
73
3
9 16 17 0
24 30 0
9
5
4
6
24
36
74
3
9 5 0
10 0
3
6
1
1
1
38
40
4
3 5 6 0
3 4 0
6
10
2
1
2
124
72
4
6 5 10 0
4 11 0
4
6
3
1
3
15
106
4
4 3 5 6 0
7 3 4 0
4
3
1
1
4
28
18
4
4 3 0
7 0
5
13
5
2
5
359
153
4
5 10 12 13 0
11 42 44 0
13
9
5
2
6
300
130
4
13 12 10 9 0
44 42 26 0
9
5
3
2
7
152
28
4
9 5 0
10 0
16
7
5
4
11
85
99
4
16 8 7 0
23 20 0
15
7
5
4
12
378
109
4
15 17 8 7 0
31 21 20 0
16
15
1
4
13
25
42
4
16 15 0
29 0
