44
1	4	3	2	0
2	4	10	5	0
3	4	16	1	0
4	4	12	2	0
1	4	1	1	1
2	4	8	4	1
3	4	17	1	1
4	4	16	4	1
1	5	2	5	1
2	5	19	3	1
3	5	4	5	1
4	5	20	4	1
1	3	15	3	2
2	3	17	4	2
3	3	4	1	2
4	3	7	2	2
1	4	13	4	2
2	4	20	5	2
3	4	5	4	2
4	4	9	3	2
1	5	20	1	2
2	5	10	1	2
3	5	16	3	2
4	5	3	1	2
1	4	16	1	3
2	4	4	5	3
3	4	5	4	3
4	4	3	2	3
1	2	14	5	4
2	2	3	4	4
3	2	12	1	4
4	2	7	4	4
1	3	12	5	4
2	3	8	4	4
3	3	11	3	4
4	3	14	5	4
1	4	4	1	4
2	4	18	1	4
3	4	17	1	4
4	4	8	1	4
1	6	14	1	4
2	6	11	3	4
3	6	12	4	4
4	6	2	5	4
47
vl
3
10
2
4
15
9
52
0
0
163
2
2
3 5 10 
3 9 10 
3 11 
8 26 
vl
10
16
2
4
16
136
48
0
0
181
2
2
10 9 16 
10 14 16 
26 24 
27 28 
vl
16
3
3
4
17
118
60
0
0
199
3
2
16 8 4 3 
16 9 3 
23 12 7 
24 8 
vl
12
10
4
4
18
118
40
0
0
208
1
2
12 10 
12 11 10 
42 
43 41 
vl
12
3
4
4
19
-67
80
0
0
211
3
5
12 10 9 3 
12 15 17 19 1 3 
42 26 8 
40 31 33 15 5 
vl
1
16
1
4
14
91
24
0
1
95
3
3
1 4 8 16 
1 19 17 16 
6 12 23 
15 33 30 
vl
8
16
3
4
15
104
36
0
1
109
1
2
8 16 
8 9 16 
23 
22 24 
vl
17
1
5
4
16
159
135
0
1
113
3
2
17 8 4 1 
17 19 1 
21 12 6 
33 15 
vl
17
16
3
4
17
24
12
0
1
125
1
2
17 16 
17 8 16 
30 
21 23 
vl
2
19
3
5
18
12
102
0
1
129
3
3
2 1 7 19 
2 3 1 19 
1 14 16 
2 5 15 
vl
19
4
5
5
19
158
60
0
1
141
2
2
19 1 4 
19 7 4 
15 6 
16 13 
vl
4
2
3
5
20
59
27
0
1
160
2
3
4 1 2 
4 9 3 2 
6 1 
9 8 2 
vl
20
2
4
5
21
63
124
0
1
171
3
5
20 19 1 2 
20 15 16 9 3 2 
34 15 1 
36 29 24 8 2 
vl
15
7
4
3
11
24
112
0
2
89
3
3
15 16 8 7 
15 17 19 7 
29 23 20 
31 33 16 
vl
17
15
2
3
12
154
4
0
2
95
1
2
17 15 
17 16 15 
31 
30 29 
vl
4
7
1
3
13
10
8
0
2
96
1
2
4 7 
4 1 7 
13 
6 14 
vl
15
4
2
3
14
135
50
0
2
110
4
4
15 14 16 8 4 
15 12 10 9 4 
37 28 23 12 
40 42 26 9 
vl
13
9
5
4
15
185
170
0
2
113
3
4
13 12 10 9 
13 6 5 3 9 
44 42 26 
17 4 3 8 
vl
20
9
3
4
16
187
105
0
2
131
3
3
20 17 8 9 
20 15 16 9 
35 21 22 
36 29 24 
vl
5
13
5
4
17
152
70
0
2
144
2
4
5 6 13 
5 10 11 12 13 
4 17 
11 41 43 44 
vl
5
9
1
4
18
105
20
0
2
149
1
2
5 9 
5 10 9 
10 
11 26 
vl
20
16
5
5
19
196
40
0
2
154
2
3
20 15 16 
20 19 17 16 
36 29 
34 33 30 
vl
10
20
2
5
20
42
28
0
2
177
4
4
10 14 16 15 20 
10 9 8 17 20 
27 28 29 36 
26 22 21 35 
vl
16
10
1
5
21
40
6
0
2
183
2
2
16 14 10 
16 9 10 
28 27 
24 26 
vl
3
20
3
5
22
87
177
0
2
206
4
4
3 4 8 17 20 
3 9 16 15 20 
7 12 21 35 
8 24 29 36 
vl
16
3
4
4
17
184
92
0
3
177
3
3
16 9 4 3 
16 8 9 3 
24 9 7 
23 22 8 
vl
4
3
3
4
18
242
21
0
3
182
1
2
4 3 
4 9 3 
7 
9 8 
vl
5
3
4
4
19
107
52
0
3
183
1
2
5 3 
5 9 3 
3 
10 8 
vl
4
16
5
4
20
23
80
0
3
188
2
3
4 9 16 
4 7 8 16 
9 24 
13 20 23 
vl
14
7
1
2
6
177
19
3
4
14
4
4
14 10 9 4 7 
14 16 17 19 7 
27 26 9 13 
28 30 33 16 
vl
3
12
4
2
7
-81
236
0
4
22
4
4
3 5 10 11 12 
3 9 16 15 12 
3 11 41 43 
8 24 29 40 
vl
12
14
1
2
8
34
28
0
4
31
2
3
12 15 14 
12 11 10 14 
40 37 
43 41 27 
vl
3
7
5
2
9
296
55
13
4
49
2
3
3 4 7 
3 1 19 7 
7 13 
5 15 16 
vl
14
3
3
2
10
112
87
3
4
62
2
4
14 9 3 
14 16 9 5 3 
25 8 
28 24 10 3 
vl
7
12
2
2
11
57
102
0
4
78
4
4
7 19 17 15 12 
7 8 9 10 12 
16 33 31 40 
20 22 26 42 
vl
12
11
3
3
12
99
48
5
4
90
1
2
12 11 
12 10 11 
43 
42 41 
vl
8
11
4
3
13
64
168
0
4
102
4
3
8 18 17 15 11 
8 9 10 11 
19 32 31 39 
22 26 41 
vl
11
14
2
3
14
174
30
64
4
106
1
2
11 14 
11 15 14 
38 
39 37 
vl
12
8
3
3
15
189
81
5
4
110
3
3
12 15 17 8 
12 10 9 8 
40 31 21 
42 26 22 
vl
4
8
1
4
16
61
1
0
4
122
1
2
4 8 
4 7 8 
12 
13 20 
vl
18
4
5
4
17
142
55
61
4
125
2
4
18 8 4 
18 17 8 7 4 
19 12 
32 21 20 13 
vl
17
4
3
4
18
48
102
0
4
148
3
3
17 19 7 4 
17 16 9 4 
33 16 13 
30 24 9 
vl
18
8
2
4
19
166
20
18
4
153
1
2
18 8 
18 17 8 
19 
32 21 
vl
14
11
4
6
24
98
60
20
4
200
1
2
14 11 
14 10 11 
38 
27 41 
vl
11
2
4
6
25
76
248
28
4
214
5
4
11 15 17 19 1 2 
11 10 5 3 2 
39 31 33 15 1 
41 11 3 2 
vl
12
2
4
6
26
58
144
126
4
217
4
5
12 10 5 3 2 
12 15 20 19 1 2 
42 11 3 2 
40 36 34 15 1 
vl
12
11
2
6
27
176
32
0
4
231
1
2
12 11 
12 10 11 
43 
42 41 
