13
1       4         1        4
3    0    0    
2       5         1        4
6    0    0    
3       1         1        4
2    4    0    
4       3         1        4
18    10    0    
1       2         2        4
5    0    0    
2       3         2        4
18    20    13    
3       1         2        4
2    9    0    
1       1         3        4
10    0    0    
2       4         3        4
12    9    0    
3       5         3        4
18    13    0    
1       5         4        4
16    8    10    
2       5         4        4
15    2    12    
3       3         4        4
5    7    11    
