26
1	4	18	3	0
2	4	20	3	0
3	4	10	5	0
4	4	4	1	0
1	6	16	5	0
2	6	14	4	0
3	6	3	2	0
4	6	18	3	0
1	10	4	2	0
2	10	8	2	0
3	10	19	5	0
4	10	12	1	0
1	11	17	4	0
2	11	15	5	0
3	11	8	4	0
4	11	13	4	0
1	1	3	2	2
2	1	9	2	2
3	1	1	4	2
1	2	14	4	2
2	2	7	5	2
3	2	4	3	2
4	2	5	2	2
1	3	1	4	2
2	3	7	1	2
3	3	9	5	2
30
vl
18
20
4
4
14
27
132
0
0
17
2
0
18 19 20 
0
18 34 
0
vl
20
4
5
4
15
586
125
0
0
33
3
0
20 19 1 4 
0
34 15 6 
0
vl
10
18
5
4
16
-17
165
0
0
39
3
0
10 9 8 18 
0
26 22 19 
0
vl
18
4
3
4
17
-37
87
0
0
52
3
0
18 8 9 4 
0
19 22 9 
0
vl
4
10
4
4
18
233
140
0
0
56
3
0
4 3 5 10 
0
7 3 11 
0
vl
16
14
3
6
23
261
12
0
0
65
1
0
16 14 
0
28 
0
vl
14
18
2
6
24
126
66
0
0
74
3
0
14 16 8 18 
0
28 23 19 
0
vl
3
14
3
6
25
110
78
0
0
87
3
0
3 5 10 14 
0
3 11 27 
0
vl
18
16
1
6
26
35
44
0
0
108
3
0
18 19 17 16 
0
18 33 30 
0
vl
16
3
4
6
27
307
32
0
0
117
2
0
16 9 3 
0
24 8 
0
vl
18
3
5
6
28
-14
190
0
0
143
4
0
18 17 8 9 3 
0
32 21 22 8 
0
vl
4
19
3
10
45
171
18
0
0
271
2
0
4 1 19 
0
6 15 
0
vl
8
4
5
10
46
178
35
0
0
279
1
0
8 4 
0
12 
0
vl
19
12
4
10
47
63
96
0
0
282
3
0
19 20 15 12 
0
34 36 40 
0
vl
19
8
2
10
48
43
50
0
0
291
2
0
19 17 8 
0
33 21 
0
vl
17
15
4
11
49
318
64
0
0
302
1
0
17 15 
0
31 
0
vl
15
8
5
11
50
182
130
0
0
305
2
0
15 16 8 
0
29 23 
0
vl
8
17
4
11
51
186
52
0
0
319
1
0
8 17 
0
21 
0
vl
13
8
1
11
52
100
31
0
0
323
4
0
13 12 10 9 8 
0
44 42 26 22 
0
vl
15
13
1
11
53
9
8
0
0
334
2
0
15 12 13 
0
40 44 
0
vl
3
1
1
1
1
140
19
0
2
0
1
0
3 1 
0
5 
0
vl
9
3
5
1
2
325
22
0
2
0
1
0
9 3 
0
8 
0
vl
9
1
1
1
3
226
21
0
2
0
2
0
9 3 1 
0
8 5 
0
vl
14
5
2
2
4
88
34
0
2
0
2
0
14 9 5 
0
25 10 
0
vl
7
5
3
2
5
166
68
0
2
0
3
0
7 1 3 5 
0
14 5 3 
0
vl
4
7
1
2
6
157
28
0
2
0
1
0
4 7 
0
13 
0
vl
14
4
2
2
7
105
69
0
2
0
2
0
14 9 4 
0
25 9 
0
vl
1
7
4
3
8
354
30
0
2
0
1
0
1 7 
0
14 
0
vl
7
9
2
3
9
62
75
0
2
0
2
0
7 4 9 
0
13 9 
0
vl
9
1
3
3
10
233
36
0
2
0
2
0
9 3 1 
0
8 5 
0
