35
1    2    10    2    0
2    2    3    5    0
3    2    4    5    0
1    16    15    3    0
2    16    19    4    0
3    16    7    3    0
4    16    8    1    0
1    1    20    4    1
2    1    2    3    1
3    1    9    1    1
4    1    16    1    1
1    2    11    2    1
2    2    15    5    1
3    2    10    4    1
4    2    8    3    1
1    6    16    1    1
2    6    18    4    1
3    6    5    1    1
4    6    12    5    1
1    2    2    4   2
2    2    20    4   2
3    2    17    2   2
4    2    19    4   2
1    4    8    3   2
2    4    10    2   2
3    4    5    4   2
4    4    9    2   2
1    5    17    3   2
2    5    11    3   2
3    5    18    2   2
4    5    7    2   2
1    8    5    3   2
2    8    3    2   2
3    8    9    2   2
4    8    4    2   2
42
10
3
3
2
7
137
70
0
10 9 3 0
26 8 0
3
4
2
2
8
82
54
0
3 4 0
7 0
10
4
1
2
9
10
45
0
10 9 4 0
26 9 0
15
19
5
16
62
183
125
0
15 17 19 0
31 33 0
19
8
5
16
63
61
101
0
19 7 8 0
16 20 0
7
15
2
16
64
11
82
0
7 8 17 15 0
20 21 31 0
7
19
4
16
65
62
42
0
7 19 0
16 0
20
9
4
1
1
-21
141
1
20 15 16 9 0
36 29 24 0
2
9
5
1
2
349
71
1
2 3 9 0
2 8 0
9
16
5
1
3
300
61
1
9 16 0
24 0
16
2
2
1
4
29
64
1
16 9 3 2 0
24 8 2 0
11
8
3
2
5
-53
128
1
11 14 9 8 0
38 25 22 0
15
10
3
2
6
100
49
1
15 12 10 0
40 42 0
10
11
2
2
7
133
58
1
10 11 0
41 0
10
8
1
2
8
44
52
1
10 9 8 0
26 22 0
8
15
3
2
9
-19
101
1
8 16 15 0
23 29 0
16
12
1
6
22
20
34
1
16 15 12 0
29 40 0
18
12
3
6
23
8
77
1
18 17 15 12 0
32 31 40 0
5
16
1
6
24
11
25
1
5 9 16 0
10 24 0
18
5
1
6
25
56
62
1
18 8 9 5 0
19 22 10 0
16
18
3
6
26
252
57
1
16 17 18 0
30 32 0
5
12
5
6
27
146
63
1
5 10 12 0
11 42 0
2
17
1
2
4
87
57
2
2 1 19 17 0
1 15 33 0
20
17
4
2
5
228
82
2
20 17 0
35 0
17
19
1
2
6
10
34
2
17 19 0
33 0
20
2
4
2
7
106
120
2
20 19 1 2 0
34 15 1 0
8
10
1
4
12
92
48
2
8 9 10 0
22 26 0
10
9
4
4
13
254
68
2
10 9 0
26 0
5
8
1
4
14
65
38
2
5 9 8 0
10 22 0
9
8
1
4
15
29
34
2
9 8 0
22 0
5
10
2
4
16
113
46
2
5 10 0
11 0
5
9
3
4
17
174
28
2
5 9 0
10 0
17
7
5
5
18
151
99
2
17 18 7 0
32 17 0
11
7
4
5
19
144
158
2
11 15 17 19 7 0
39 31 33 16 0
18
7
1
5
20
17
28
2
18 7 0
17 0
18
11
3
5
21
185
37
2
18 17 15 11 0
32 31 39 0
11
17
3
5
22
210
36
2
11 15 17 0
39 31 0
18
17
2
5
23
131
17
2
18 17 0
32 0
5
9
4
8
32
40
33
2
5 9 0
10 0
3
4
1
8
33
62
24
2
3 4 0
7 0
9
3
5
8
34
54
31
2
9 3 0
8 0
3
5
4
8
35
226
25
2
3 5 0
3 0
