18
1       3         1        2
9    0    0    
2       2         1        2
13    17    18    
3       2         1        2
6    3    10    
1       1         2        2
11    18    7    
2       4         2        2
17    0    0    
3       4         2        2
5    6    2    
4       5         2        2
20    8    10    
1       4         3        2
2    14    13    
2       5         3        2
18    10    15    
3       5         3        2
6    0    0    
4       2         3        2
3    20    9    
1       5         4        2
6    16    18    
2       2         4        2
15    8    0    
3       2         4        2
1    0    0    
4       2         4        2
19    0    0    
1       5         5        2
14    11    0    
2       2         5        2
4    2    5    
3       4         5        2
18    17    12    
