2
30
15
15
1         2         7        3       207      2     0
2         3         8        2       136      2     0
1         3         9        1       55      2     0
1         2         47        3       171      12     0
2         3         48        4       371      12     0
1         3         49        4       271      12     0
1         2         57        2       88      15     0
2         4         58        3       280      15     0
3         2         59        2       215      15     0
1         4         60        1       91      15     0
3         1         61        1       38      15     0
1         2         62        5       308      16     0
2         4         63        5       162      16     0
3         1         64        2       93      16     0
3         2         65        4       104      16     0
1         3         1        2       166      1     2
2         3         2        1       64      1     2
1         2         3        4       255      1     2
1         3         4        5       374      2     2
2         3         5        5       275      2     2
1         2         6        4       207      2     2
1         3         7        4       185      3     2
2         1         8        1       130      3     2
3         2         9        4       310      3     2
4         3         10        1       57      3     2
1         3         11        1       96      4     2
2         4         12        5       363      4     2
3         4         13        1       187      4     2
2         3         14        3       153      4     2
2         1         15        5       462      4     2
