40
1	2	10	2	0
2	2	3	5	0
3	2	4	5	0
1	20	14	4	0
2	20	12	3	0
3	20	6	3	0
4	20	2	1	0
1	2	7	1	1
2	2	2	2	1
3	2	1	4	1
4	2	11	5	1
1	4	10	5	1
2	4	20	3	1
3	4	14	2	1
4	4	11	2	1
1	5	9	5	1
2	5	20	2	1
3	5	17	3	1
1	7	6	1	1
2	7	5	4	1
3	7	13	1	1
4	7	10	5	1
1	8	16	1	1
2	8	2	3	1
3	8	20	2	1
4	8	18	4	1
1	1	9	3	2
2	1	18	2	2
3	1	10	2	2
1	2	18	1	2
2	2	17	4	2
3	2	5	4	2
4	2	8	5	2
1	3	13	4	2
2	3	15	5	2
3	3	6	5	2
4	3	20	2	2
1	5	11	5	2
2	5	5	2	2
3	5	12	4	2
48
vl
10
3
3
2
7
129
78
0
0
2
2
10 9 3 
10 5 3 
26 8 
11 3 
vl
3
4
2
2
8
70
66
0
16
1
2
3 4 
3 9 4 
7 
8 9 
vl
10
4
1
2
9
16
39
0
17
2
3
10 9 4 
10 5 3 4 
26 9 
11 3 7 
vl
14
2
1
20
76
34
67
0
378
4
5
14 10 9 3 2 
14 16 8 7 1 2 
27 26 8 2 
28 23 20 14 1 
vl
12
2
5
20
77
-115
365
0
403
5
5
12 10 9 4 1 2 
12 13 6 5 3 2 
42 26 9 6 1 
44 17 4 3 2 
vl
6
12
4
20
78
113
112
0
414
3
2
6 5 10 12 
6 13 12 
4 11 42 
17 44 
vl
12
14
1
20
79
65
28
0
426
2
2
12 15 14 
12 10 14 
40 37 
42 27 
vl
2
6
5
20
80
86
365
0
445
3
7
2 3 5 6 
2 1 4 9 10 12 13 6 
2 3 4 
1 6 9 26 42 44 17 
vl
6
14
5
20
81
146
240
0
454
3
4
6 5 10 14 
6 13 12 15 14 
4 11 27 
17 44 40 37 
vl
7
2
5
2
5
183
100
1
0
2
3
7 1 2 
7 4 3 2 
14 1 
13 7 2 
vl
2
11
3
2
6
160
192
1
46
5
4
2 1 19 20 15 11 
2 3 5 10 11 
1 15 34 36 39 
2 3 11 41 
vl
1
7
4
2
7
51
88
1
57
1
2
1 7 
1 4 7 
14 
6 13 
vl
11
1
3
2
8
408
153
1
60
4
4
11 15 17 19 1 
11 10 5 3 1 
39 31 33 15 
41 11 3 5 
vl
1
2
4
2
9
257
36
1
94
1
2
1 2 
1 3 2 
1 
5 2 
vl
10
11
5
4
14
272
70
1
136
1
2
10 11 
10 14 11 
41 
27 38 
vl
20
11
3
4
15
14
120
1
138
2
4
20 15 11 
20 17 16 14 11 
36 39 
35 30 28 38 
vl
14
10
4
4
16
27
176
1
172
1
2
14 10 
14 9 10 
27 
25 26 
vl
11
14
1
4
17
36
21
1
173
1
2
11 14 
11 15 14 
38 
39 37 
vl
20
10
2
4
18
158
134
1
177
3
4
20 15 14 10 
20 17 15 11 10 
36 37 27 
35 31 39 41 
vl
14
20
5
4
19
7
187
1
214
2
4
14 15 20 
14 16 17 19 20 
37 36 
28 30 33 34 
vl
9
20
4
5
20
38
223
1
260
3
4
9 8 17 20 
9 16 14 15 20 
22 21 35 
24 28 37 36 
vl
20
17
4
5
21
406
104
1
282
1
2
20 17 
20 19 17 
35 
34 33 
vl
9
17
3
5
22
120
54
1
285
2
3
9 16 17 
9 4 8 17 
24 30 
9 12 21 
vl
6
5
1
7
29
95
43
1
465
1
4
6 5 
6 13 12 10 5 
4 
17 44 42 11 
vl
5
13
5
7
30
267
185
1
472
3
2
5 10 12 13 
5 6 13 
11 42 44 
4 17 
vl
13
6
4
7
31
-14
144
1
477
1
4
13 6 
13 12 10 5 6 
17 
44 42 11 4 
vl
10
6
5
7
32
-85
240
1
493
3
5
10 12 13 6 
10 11 14 9 5 6 
42 44 17 
41 38 25 10 4 
vl
10
5
1
7
33
141
21
1
510
1
2
10 5 
10 9 5 
11 
26 10 
vl
13
10
2
7
34
217
74
1
511
2
3
13 12 10 
13 6 5 10 
44 42 
17 4 11 
vl
16
18
4
8
35
23
140
1
544
2
4
16 17 18 
16 8 17 19 18 
30 32 
23 21 33 18 
vl
2
20
4
8
36
108
216
1
584
4
5
2 1 7 19 20 
2 3 4 8 17 20 
1 14 16 34 
2 7 12 21 35 
vl
20
18
3
8
37
81
93
1
618
2
2
20 17 18 
20 19 18 
35 32 
34 18 
vl
16
20
3
8
38
24
99
1
658
3
3
16 17 19 20 
16 14 15 20 
30 33 34 
28 37 36 
vl
9
10
2
1
1
47
2
2
0
1
2
9 10 
9 5 10 
26 
10 11 
vl
18
9
4
1
2
209
51
2
4
2
4
18 8 9 
18 19 1 3 9 
19 22 
18 15 5 8 
vl
18
10
5
1
3
108
89
2
41
3
5
18 8 9 10 
18 17 15 12 11 10 
19 22 26 
32 31 40 43 41 
vl
18
5
2
2
4
76
30
2
80
4
4
18 8 9 10 5 
18 17 16 9 5 
19 22 26 11 
32 30 24 10 
vl
17
5
3
2
5
178
57
2
120
3
4
17 16 9 5 
17 15 14 10 5 
30 24 10 
31 37 27 11 
vl
5
8
5
2
6
211
50
2
175
3
3
5 10 9 8 
5 3 4 8 
11 26 22 
3 7 12 
vl
8
18
3
2
7
138
37
2
181
1
2
8 18 
8 17 18 
19 
21 32 
vl
13
15
5
3
8
55
125
2
185
2
6
13 12 15 
13 6 5 9 14 16 15 
44 40 
17 4 10 25 28 29 
vl
15
20
4
3
9
195
28
2
217
1
2
15 20 
15 17 20 
36 
31 35 
vl
6
15
5
3
10
277
125
2
222
3
5
6 13 12 15 
6 5 9 14 16 15 
17 44 40 
4 10 25 28 29 
vl
13
20
2
3
11
35
60
2
253
3
6
13 12 15 20 
13 6 5 3 1 19 20 
44 40 36 
17 4 3 5 15 34 
vl
6
13
4
3
12
347
40
2
273
1
4
6 13 
6 5 10 12 13 
17 
4 11 42 44 
vl
11
12
4
5
18
56
82
2
349
1
2
11 12 
11 10 12 
43 
41 42 
vl
5
12
3
5
19
147
54
2
352
2
4
5 10 12 
5 9 14 15 12 
11 42 
10 25 37 40 
vl
5
11
1
5
20
117
10
2
387
2
4
5 10 11 
5 9 16 14 11 
11 41 
10 24 28 38 
