77
1    1    1    2    0
2    1    2    1    0
3    1    5    2    0
4    1    18    5    0
1    2    16    3    0
2    2    2    1    0
3    2    3    3    0
4    2    12    4    0
1    3    17    5    0
2    3    6    3    0
3    3    18    1    0
1    4    19    1    0
2    4    3    4    0
3    4    15    3    0
4    4    16    3    0
1    5    14    5    0
2    5    20    1    0
3    5    16    3    0
4    5    15    3    0
1    6    6    5    0
2    6    10    5    0
3    6    2    3    0
4    6    7    5    0
1    7    3    2    0
2    7    13    4    0
3    7    20    5    0
4    7    12    4    0
1    8    12    4    0
2    8    4    5    0
3    8    5    2    0
1    9    11    5    0
2    9    5    1    0
3    9    3    1    0
4    9    17    2    0
1    10    6    1    0
2    10    18    3    0
3    10    17    2    0
4    10    7    1    0
1    11    1    2    0
2    11    4    1    0
3    11    8    3    0
4    11    10    1    0
1    12    10    1    0
2    12    15    2    0
3    12    14    5    0
4    12    20    1    0
1    13    1    2    0
2    13    4    2    0
3    13    2    5    0
1    14    8    5    0
2    14    17    2    0
3    14    12    5    0
4    14    7    2    0
1    15    19    3    0
2    15    5    3    0
3    15    9    4    0
4    15    8    5    0
1    16    4    1    0
2    16    11    4    0
3    16    20    3    0
4    16    6    5    0
1    17    18    2    0
2    17    17    3    0
3    17    2    4    0
4    17    20    4    0
1    18    20    3    0
2    18    13    2    0
3    18    3    4    0
4    18    10    4    0
1    19    1    2    0
2    19    15    1    0
3    19    8    4    0
4    19    3    3    0
1    20    17    4    0
2    20    4    3    0
3    20    1    1    0
4    20    3    5    0
