77
1       2         1     0
16    1    0    
2       1         1     0
2    13    0    
3       2         1     0
12    14    5    
4       5         1     0
17    18    6    
1       3         2     0
16    0    0    
2       1         2     0
4    2    18    
3       3         2     0
3    13    10    
4       4         2     0
12    6    0    
1       5         3     0
17    5    0    
2       3         3     0
10    6    0    
3       1         3     0
18    4    0    
1       1         4     0
8    11    19    
2       4         4     0
3    0    0    
3       3         4     0
15    0    0    
4       3         4     0
5    7    16    
1       5         5     0
14    10    0    
2       1         5     0
20    0    0    
3       3         5     0
8    16    0    
4       3         5     0
15    0    0    
1       5         6     0
6    8    0    
2       5         6     0
10    0    0    
3       3         6     0
9    2    0    
4       5         6     0
7    0    0    
1       2         7     0
3    4    0    
2       4         7     0
13    0    0    
3       5         7     0
20    7    0    
4       4         7     0
12    10    1    
1       4         8     0
8    12    0    
2       5         8     0
19    4    6    
3       2         8     0
5    0    0    
1       5         9     0
11    0    0    
2       1         9     0
14    5    0    
3       1         9     0
3    6    1    
4       2         9     0
16    17    0    
1       1         10     0
6    0    0    
2       3         10     0
18    0    0    
3       2         10     0
16    12    17    
4       1         10     0
7    0    0    
1       2         11     0
1    16    0    
2       1         11     0
19    4    3    
3       3         11     0
18    8    0    
4       1         11     0
10    0    0    
1       1         12     0
19    10    0    
2       2         12     0
5    15    17    
3       5         12     0
14    0    0    
4       1         12     0
20    0    0    
1       2         13     0
1    10    6    
2       2         13     0
4    0    0    
3       5         13     0
2    3    5    
1       5         14     0
8    11    0    
2       2         14     0
17    0    0    
3       5         14     0
13    12    0    
4       2         14     0
15    3    7    
1       3         15     0
7    19    0    
2       3         15     0
5    12    2    
3       4         15     0
9    0    0    
4       5         15     0
6    8    13    
1       1         16     0
4    10    0    
2       4         16     0
9    3    11    
3       3         16     0
20    1    0    
4       5         16     0
16    6    13    
1       2         17     0
18    13    0    
2       3         17     0
3    17    0    
3       4         17     0
10    2    16    
4       4         17     0
5    19    20    
1       3         18     0
4    20    9    
2       2         18     0
13    8    15    
3       4         18     0
3    0    0    
4       4         18     0
10    0    0    
1       2         19     0
2    1    0    
2       1         19     0
17    16    15    
3       4         19     0
8    0    0    
4       3         19     0
3    10    5    
1       4         20     0
17    0    0    
2       3         20     0
2    4    0    
3       1         20     0
11    1    0    
4       5         20     0
10    20    3    
