20
1       4       6        0
2       4       5        0
3       3       3        0
4       4       4        0
5       4       4        0
6       4       4        0
7       4       4        0
8       3       3        0
9       4       4        0
10       4       6        0
11       4       4        0
12       4       4        0
13       3       3        0
14       4       6        0
15       4       4        0
16       4       4        0
17       4       5        0
18       4       5        0
19       4       4        0
20       4       5        0
