15
1	10	4	2	0
2	10	8	2	0
3	10	19	5	0
4	10	12	1	0
1	5	7	4	6
2	5	1	2	6
3	5	16	1	6
1	4	5	4	8
2	4	8	2	8
3	4	15	2	8
4	4	10	1	8
1	6	16	1	8
2	6	19	2	8
3	6	8	2	8
4	6	10	3	8
16
vl
4
19
3
10
45
171
18
0
0
271
2
2
4 1 19 
4 7 19 
6 15 
13 16 
vl
8
4
5
10
46
178
35
0
0
279
1
2
8 4 
8 7 4 
12 
20 13 
vl
19
12
4
10
47
63
96
0
0
282
3
5
19 20 15 12 
19 1 4 9 10 12 
34 36 40 
15 6 9 26 42 
vl
19
8
2
10
48
43
50
0
0
291
2
2
19 17 8 
19 7 8 
33 21 
16 20 
vl
7
16
4
5
21
288
60
0
6
75
3
5
7 4 8 16 
7 1 4 9 14 16 
13 12 23 
14 6 9 25 28 
vl
1
16
4
5
22
123
96
0
6
77
3
5
1 4 8 16 
1 7 4 9 14 16 
6 12 23 
14 13 9 25 28 
vl
1
7
3
5
23
403
3
0
6
83
1
2
1 7 
1 4 7 
14 
6 13 
vl
5
8
2
4
11
163
26
16
8
21
2
6
5 9 8 
5 10 9 4 1 7 8 
10 22 
11 26 9 6 14 20 
vl
8
15
1
4
12
75
24
10
8
31
2
6
8 16 15 
8 7 4 9 10 12 15 
23 29 
20 13 9 26 42 40 
vl
15
5
3
4
13
279
57
36
8
35
3
4
15 12 10 5 
15 11 14 9 5 
40 42 11 
39 38 25 10 
vl
10
8
1
4
14
70
21
0
8
42
3
4
10 5 9 8 
10 9 4 7 8 
11 10 22 
26 9 13 20 
vl
15
10
1
4
15
91
12
2
8
50
2
2
15 11 10 
15 12 10 
39 41 
40 42 
vl
16
10
1
6
20
117
19
9
8
65
2
5
16 14 10 
16 8 7 4 9 10 
28 27 
23 20 13 9 26 
vl
19
16
1
6
21
60
15
0
8
73
2
5
19 17 16 
19 1 4 9 14 16 
33 30 
15 6 9 25 28 
vl
8
16
3
6
22
72
27
45
8
87
1
4
8 16 
8 7 19 17 16 
23 
20 16 33 30 
vl
8
19
3
6
23
177
60
0
8
88
2
2
8 18 19 
8 7 19 
19 18 
20 16 
