11
1	10	4	2	0
2	10	8	2	0
3	10	19	5	0
4	10	12	1	0
1	5	7	4	6
2	5	1	2	6
3	5	16	1	6
1	4	5	4	8
2	4	8	2	8
3	4	15	2	8
4	4	10	1	8
12
vl
4
19
3
10
45
171
18
0
0
271
2
2
4 1 19 
4 7 19 
6 15 
13 16 
vl
8
4
5
10
46
178
35
0
0
279
1
2
8 4 
8 7 4 
12 
20 13 
vl
19
12
4
10
47
63
96
0
0
282
3
5
19 20 15 12 
19 1 4 9 10 12 
34 36 40 
15 6 9 26 42 
vl
19
8
2
10
48
43
50
0
0
291
2
2
19 17 8 
19 7 8 
33 21 
16 20 
vl
7
16
4
5
21
288
60
0
6
75
3
5
7 4 8 16 
7 1 4 9 14 16 
13 12 23 
14 6 9 25 28 
vl
1
16
4
5
22
123
96
0
6
77
3
5
1 4 8 16 
1 7 4 9 14 16 
6 12 23 
14 13 9 25 28 
vl
1
7
3
5
23
403
3
0
6
83
1
2
1 7 
1 4 7 
14 
6 13 
vl
5
8
2
4
11
101
58
46
8
58
3
3
5 3 9 8 
5 9 4 8 
3 8 22 
10 9 12 
vl
8
15
1
4
12
53
24
32
8
69
2
2
8 16 15 
8 17 15 
23 29 
21 31 
vl
15
5
3
4
13
231
57
84
8
92
3
3
15 12 10 5 
15 14 9 5 
40 42 11 
37 25 10 
vl
10
8
1
4
14
41
21
29
8
111
3
3
10 5 9 8 
10 9 16 8 
11 10 22 
26 24 23 
vl
15
10
1
4
15
82
11
12
8
118
2
2
15 12 10 
15 11 10 
40 42 
39 41 
