30
1	10	4	2	0
2	10	8	2	0
3	10	19	5	0
4	10	12	1	0
1	5	7	4	6
2	5	1	2	6
3	5	16	1	6
1	2	11	4	8
2	2	4	4	8
3	2	17	4	8
4	2	15	2	8
1	3	15	4	8
2	3	9	1	8
3	3	14	2	8
1	4	5	4	8
2	4	8	2	8
3	4	15	2	8
4	4	10	1	8
1	5	2	1	8
2	5	3	4	8
3	5	6	5	8
4	5	4	2	8
1	6	16	1	8
2	6	19	2	8
3	6	8	2	8
4	6	10	3	8
1	8	5	2	8
2	8	14	5	8
3	8	3	4	8
4	8	9	4	8
31
vl
4
19
3
10
45
171
18
0
0
271
2
0
4 1 19 
0
6 15 
0
vl
8
4
5
10
46
178
35
0
0
279
1
0
8 4 
0
12 
0
vl
19
12
4
10
47
63
96
0
0
282
3
0
19 20 15 12 
0
34 36 40 
0
vl
19
8
2
10
48
43
50
0
0
291
2
0
19 17 8 
0
33 21 
0
vl
7
16
4
5
21
288
60
0
6
75
3
0
7 4 8 16 
0
13 12 23 
0
vl
1
16
4
5
22
123
96
0
6
77
3
0
1 4 8 16 
0
6 12 23 
0
vl
1
7
3
5
23
403
3
0
6
83
1
0
1 7 
0
14 
0
vl
11
15
3
2
4
307
31
0
8
0
1
0
11 15 
0
39 
0
vl
4
15
1
2
5
106
60
0
8
0
3
0
4 8 17 15 
0
12 21 31 
0
vl
17
15
2
2
6
269
62
0
8
0
1
0
17 15 
0
31 
0
vl
11
17
5
2
7
224
136
0
8
0
2
0
11 15 17 
0
39 31 
0
vl
15
14
2
3
8
211
52
0
8
0
1
0
15 14 
0
37 
0
vl
9
15
3
3
9
251
96
0
8
0
2
0
9 14 15 
0
25 37 
0
vl
9
14
2
3
10
168
31
0
8
0
1
0
9 14 
0
25 
0
vl
5
8
2
4
11
159
46
0
8
0
2
0
5 9 8 
0
10 22 
0
vl
8
15
1
4
12
73
36
0
8
0
2
0
8 16 15 
0
23 29 
0
vl
15
5
3
4
13
264
108
0
8
0
3
0
15 14 9 5 
0
37 25 10 
0
vl
10
8
1
4
14
67
24
0
8
0
2
0
10 9 8 
0
26 22 
0
vl
15
10
1
4
15
84
21
0
8
0
2
0
15 12 10 
0
40 42 
0
vl
2
4
2
5
16
163
10
0
8
0
2
0
2 1 4 
0
1 6 
0
vl
3
4
5
5
17
586
79
0
8
0
1
0
3 4 
0
7 
0
vl
6
2
1
5
18
60
43
0
8
0
3
0
6 5 3 2 
0
4 3 2 
0
vl
6
4
4
5
19
162
75
0
8
0
3
0
6 5 9 4 
0
4 10 9 
0
vl
16
10
1
6
20
116
29
0
8
0
2
0
16 9 10 
0
24 26 
0
vl
19
16
1
6
21
55
20
0
8
0
2
0
19 17 16 
0
33 30 
0
vl
8
16
3
6
22
110
34
0
8
0
1
0
8 16 
0
23 
0
vl
8
19
3
6
23
171
66
0
8
0
2
0
8 18 19 
0
19 18 
0
vl
5
9
5
8
28
353
43
0
8
0
1
0
5 9 
0
10 
0
vl
14
5
5
8
29
231
88
0
8
0
2
0
14 9 5 
0
25 10 
0
vl
3
5
5
8
30
314
108
0
8
0
1
0
3 5 
0
3 
0
vl
14
3
4
8
31
345
87
0
8
0
2
0
14 9 3 
0
25 8 
0
