30
1       5         1        8
15    0    0    
2       3         1        8
4    17    0    
3       2         1        8
13    1    0    
1       4         2        8
3    13    11    
2       4         2        8
4    0    0    
3       4         2        8
17    0    0    
4       2         2        8
9    15    1    
1       4         3        8
15    0    0    
2       1         3        8
18    9    0    
3       2         3        8
2    14    0    
1       4         4        8
17    13    5    
2       2         4        8
8    1    7    
3       2         4        8
15    0    0    
4       1         4        8
10    0    0    
1       1         5        8
2    0    0    
2       4         5        8
3    13    5    
3       5         5        8
6    10    19    
4       2         5        8
11    4    18    
1       1         6        8
18    16    0    
2       2         6        8
2    4    19    
3       2         6        8
8    0    0    
4       3         6        8
10    0    0    
1       2         7        8
13    10    9    
2       4         7        8
18    15    0    
3       5         7        8
19    0    0    
4       5         7        8
7    0    0    
1       2         8        8
5    20    7    
2       5         8        8
10    14    0    
3       4         8        8
3    0    0    
4       4         8        8
8    9    18    
